-2.806765717039858110e+00 3.270947858157505550e+00 -3.519440521071714567e+00 -5.817524166417460840e+00 2.953365472661933833e+00 -1.357881115140228578e+00 1.719512310021254153e+00 -7.714168931012228114e+00 2.262546405853570253e+00 2.325235895683476439e+00
-1.409517804550314279e+00 -5.065666270335988930e-02 -5.388148290786615169e-01 2.204995279142995201e+00 -2.273718567692079029e-01 1.303991896515126703e+00 -6.880069674769591082e-01 -7.972522621407096902e-03 -6.510679511998443969e-01 -2.468880812669111968e+00
-5.352479158119433755e+00 6.248215590432311117e-01 6.191889212724581704e-01 3.992130103364268656e+00 -1.037203222381875900e+00 5.386731926562159378e-01 -2.336836011345003072e+00 -2.373717765002978097e-01 -2.564450738344281611e+00 -3.743997734699927804e+00
-4.838230792719104834e+00 6.176467090386115188e+00 -4.003620738556770697e-01 -3.655446771297333530e+00 1.816587334991257352e+00 -1.419562738548464376e-01 4.986448104973917772e+00 -7.861226446769609133e+00 6.342093440401841420e+00 7.940387374343070626e+00
-3.526523522058647497e+00 1.345710520515749353e-01 -1.121570761479298017e+00 -1.255214750039452598e+00 -1.910399050993235370e+00 4.700739830539213404e-01 -5.998051364434511257e-01 1.019414159377234119e+00 -2.039354288143240268e+00 -9.081171754291585962e-01
-1.050892434897841010e+00 -8.247815313626803979e-01 1.085509532614433281e+00 2.405534722821723648e+00 -7.871244620602113606e-01 1.811922935996712614e+00 1.525513746253364555e+00 -9.418142228220928169e-01 -1.443359218616639295e+00 -2.709633552896818287e+00
-2.239186701315518668e+00 4.314285002783130984e+00 -3.734044511385792298e-02 -5.164361962715710241e+00 1.892688856692741117e+00 -6.264348360358419354e-01 2.798652679645941888e+00 -4.302400696751862874e+00 2.385747686777441423e+00 6.045049433987926157e+00
-5.101019351949786618e+00 4.313955626123891385e+00 -2.204188409397740411e+00 -1.977006453144624754e+00 2.838353929878394410e+00 -1.793538600568308716e+00 2.417014360295111963e+00 -1.067657777699004207e+01 6.859064764570703687e+00 4.206804306587648590e+00
-1.684601865385128683e+00 3.262334138871033407e+00 -3.255897860460765347e+00 -3.702572437844040554e+00 2.404197845674006739e+00 -1.194262784968064262e+00 -8.098641259904627854e-02 -4.060171593794706268e+00 3.749722239930187939e+00 2.393697417613793288e+00
-2.799329422265541378e+00 1.382836029508095033e+00 -1.877880799675555767e+00 -1.401032847480853993e+00 2.052707660521823352e-01 1.478394071675813271e+00 -1.236426984367216431e+00 4.808516444894078146e-01 -2.304327651305752234e+00 -3.663799073437336240e+00
1.241919223468384237e+00 -7.397637756482604576e-01 1.409756214250169171e+00 1.922092417211262338e+00 3.930784430275643948e-01 -3.975737851726466876e-01 1.112724643750901743e+00 -1.788549320185926383e+00 2.051352963712572475e+00 7.379733624267458270e-01
-5.963178378334125007e+00 -9.657590260116772907e-01 1.203397732135607523e+00 3.501824482787806225e+00 -3.425258823652618467e+00 1.200242502454789140e+00 -8.736849696030108969e-01 7.916596387701363424e-01 -2.373534040098764120e+00 -3.304695971477243255e+00
3.182576659873433300e+00 1.156871211889700879e+00 8.223215956244289693e-02 -3.410125149640227171e+00 1.374118156921824374e+00 -2.528168087614037329e+00 1.572564368725312800e+00 -1.141017054361328276e+00 3.319889844887175645e+00 6.541329284941474143e+00
-1.442380833531688555e+00 -2.480720699249638450e+00 7.002387488006573957e-01 1.854909131401748512e+00 -2.506154174986509275e+00 -1.774536700931999222e+00 1.532926343880441022e+00 -2.405805742881137910e+00 7.685388495921013918e-01 1.983926714111257317e+00
-2.591000590469606291e+00 1.000883282501734861e+00 1.095314170863107783e+00 4.547719926478153707e-01 -4.276249539279272649e-01 6.572955275276129439e-02 -4.731144092487883368e-01 1.417186951453524579e-01 -1.878670158124824630e+00 -3.338369743544836177e-01
-1.298229801739891887e+00 3.628116679651711252e+00 -7.820165724108203431e-01 -5.221680126340248584e+00 3.722523013281695548e+00 -1.876949843725502332e+00 1.925807671604758298e+00 -6.917995966218771997e+00 5.495702634249790552e-01 3.915172731431137532e+00
-3.908869259699622400e+00 4.775915582279307792e+00 -1.924166978374675763e+00 -4.963129222808669638e+00 1.894587294816824530e+00 -5.817534643884492151e-01 3.236392074795701124e+00 -6.682582086854952585e+00 4.179208818602131004e+00 5.438287110163171789e+00
-2.743689618486891746e+00 -2.426909761330807047e+00 1.412423225662283455e-01 7.327838059526187164e-01 -3.677529622642548457e+00 -2.690580752706169809e-01 6.067244814451359103e-01 3.980577730298355821e-01 -2.188529594391632471e-01 5.285220829003546283e-01
-3.457586642295081614e+00 9.026915967665496976e-02 1.279142062235546273e+00 2.159139926418190303e+00 -1.471718969201488036e+00 -1.950085169697026236e-02 5.071807207359758651e-01 -1.105302882225204897e+00 -1.669833348680011875e+00 -7.214441026808756652e-01
-1.235723259211752856e+00 -6.116794084153828193e-01 1.211668609170877708e+00 1.703523247601586910e+00 -1.191204316106641237e+00 2.198037670254125775e+00 1.718996106263761536e-01 1.396279171115093698e+00 2.358642297534022658e-01 -2.815911344567926911e+00
-6.051821425668434395e-01 5.560480689771024609e-01 1.834863016408703751e-01 2.956744186441911282e+00 4.752341783239318329e-01 -9.760089120312087640e-02 5.036480777542244880e-01 -1.651595804424412117e+00 -2.019511863677011743e+00 -5.343549760459742615e-01
-2.037053116751622817e+00 2.013797100685429609e+00 -4.049550519622973077e-01 -1.160502561877690741e+00 1.217800117211100153e+00 1.432905528500725001e-01 1.467713041744326818e-01 -1.947374165909999677e+00 -1.841419070799959146e+00 -4.357680631643784941e-01
-1.133789387846163788e+00 1.938669459621892521e+00 -1.644020414105354044e+00 -3.608876708862872373e+00 1.912989436731169057e+00 -1.201071140371478885e+00 1.205959533802479083e-01 -3.689702616915692790e+00 2.997259239711724366e+00 2.194965212847669989e+00
-1.416198141577228897e+00 6.059671942237501163e-01 -2.549923929132839273e+00 -1.018558296806751917e+00 3.715642208689274306e-01 -1.621094210174653716e+00 9.666258239354067472e-01 -4.257293919431312190e+00 2.390763935315796562e+00 1.857693039795015544e+00
-4.277051169493955030e+00 4.794986887546165200e+00 -2.319996950890730325e+00 -6.863234057632346286e+00 5.069989331873693494e+00 -2.662367998616307574e+00 9.319711856083288115e-01 -1.100674112294997897e+01 3.147236421300585896e+00 3.409524774992527707e+00
-2.856283157258916905e+00 2.214567820805342091e+00 -6.452072125640905265e-01 -3.069483283467981050e+00 6.269403920194710489e-01 -8.529815101127604660e-01 -2.106831470356450298e-01 -1.749203278527746930e+00 -1.971237971374485698e-01 1.859507184250647871e+00
-2.611331610243794898e+00 3.398303536336554576e+00 -1.538670075896947376e+00 -5.443655541858497315e+00 1.761010860128941147e+00 -1.097183471272878741e+00 2.026765639921917828e+00 -5.339672943123107807e+00 4.169523197883111543e+00 4.935116224955588216e+00
-2.773259540419278135e+00 8.043836939963551202e-01 -2.679886585405873767e+00 -2.452184508563635568e+00 1.427548605725070363e+00 -2.481683696316640653e+00 6.351770931260056763e-01 -7.443657747375763911e+00 3.937498030518607361e+00 1.843500520478344562e+00
-3.332799192648409292e+00 1.664816195844532221e+00 -2.109848195470754639e+00 -4.311020050415795168e+00 1.510330255831516810e+00 -1.813148482769797232e+00 2.537175484093340608e-02 -5.633971305955491005e+00 2.367025708747113377e+00 1.631181834058234248e+00
-2.033143044736263061e+00 5.311523211995469174e-01 -9.485070503892188976e-01 -2.295695847702367232e+00 -1.067364603365263953e+00 -8.174293021669646331e-01 -8.510669560292231095e-01 9.283342085246134578e-01 -2.866951524471527679e-01 1.326466455282453438e+00
-1.400506659240279506e+00 2.500588049570690252e+00 1.189930390067288180e+00 1.056350015555669319e-01 7.466120293213959203e-01 1.158700510383603000e+00 1.563586540570781613e+00 -6.631282992797808973e-01 -1.666295007603159739e+00 -2.092861303225787006e-01
7.684798289256197235e-01 -5.437468218316633406e-01 -2.110617161765086236e-01 -1.875959091406866619e-01 2.379252844900985389e-02 -7.595559432860311544e-01 5.443205224184028967e-01 -9.386383355281122665e-01 1.845553162280855197e-01 1.471865641583373741e+00
-4.186130806755687495e+00 4.783888364864544940e+00 -1.761897590811392522e+00 -4.755039850134878066e+00 2.331784751194525551e+00 -3.315913602486553896e-02 4.721558386208135616e-01 -3.880229313043990214e+00 3.010422554381724236e-01 1.785264243124443428e+00
-5.719685096681992320e+00 7.772641265016488887e+00 -4.487326881233891562e+00 -3.060674490198191489e+00 2.002877742343742273e+00 7.872705925955925110e-01 4.960894564853676414e+00 -8.414254768530856410e+00 7.778308958818385577e+00 6.371761891329545513e+00
1.420013607650084442e+00 -6.978863030926943933e-01 1.091314836450707704e+00 2.118629599250390960e+00 -2.656262056254099502e-01 1.230008646973575148e+00 1.972664369266468265e+00 -3.517755638257486495e-01 1.125392880179580279e+00 -4.974165507196012248e-01
-2.063407984288061048e+00 -3.264261867067574374e-01 -1.974670287756823850e+00 -1.692638116043194030e+00 9.656462967677053033e-01 -1.931014018128432985e+00 1.079903004032535030e+00 -6.671012182872457785e+00 5.920786447459176483e-01 1.359581627118930935e-01
1.988767623739540191e+00 1.817459057529170252e+00 3.453608779597304723e-01 -1.540359156079515124e+00 2.519340180165785537e+00 -1.645009134321522293e+00 2.158815100848037627e+00 -4.032708534289902502e+00 2.556878584458743831e+00 5.482146434230888765e+00
-3.544663372956789793e+00 5.563227077177976376e+00 -3.973374301641018125e+00 -5.365628255901412125e+00 4.718675317146549197e+00 -1.523449619904027275e+00 1.915933293714048746e+00 -1.040647890132179221e+01 6.055161664275682476e+00 3.775278206812768378e+00
-8.381561754123657837e-02 -1.527846216792720369e-01 1.723603503306003759e-01 1.105646270125374420e+00 -8.413921353743049336e-02 9.020876594653796099e-01 4.501216055399729910e-01 -2.279116819548332729e-01 7.517697514171401973e-01 -1.322468735768928427e+00
-4.321494936082440397e+00 7.045789218115131369e+00 -3.663976234355464712e+00 -4.424876159866108161e+00 1.584691669696240535e+00 4.752839547445150692e-01 4.438132487301259310e+00 -6.095386399303455605e+00 7.384778469628749065e+00 7.438978685381945510e+00
-2.030857834143854124e+00 2.200516934541422387e+00 -4.926845967507062496e-01 4.566370416124108655e-01 3.373586544227788475e-01 4.817063241251730021e-01 1.856768714124638897e-01 -4.423070142142095929e-01 -1.489607472071715399e+00 6.949366235695024763e-01
-2.133750753502013264e+00 1.535178856368433653e+00 -1.572861001317058305e+00 -8.382167755963096933e-01 -2.147553383487759218e-02 1.090310527100963600e-01 -4.762290767254954149e-01 7.942857927321016198e-02 -2.893494385178470907e+00 -4.941907946586616696e-01
5.058612583425771803e+00 3.983395744196461585e+00 -4.167803999537350035e-01 -3.345719252810184230e+00 5.083178268665900390e+00 -5.398820127020969029e-01 9.915315426609356830e-01 -1.242598803628854442e+00 2.432395791908310567e+00 4.394295043927497701e+00
-1.188952633895293598e+00 1.747128720158200421e+00 -1.888426464573743413e+00 -1.677640272419922196e+00 8.681248079847965204e-01 -1.199026288012410069e+00 -1.987824196921058384e+00 1.146756341900598553e-01 -2.691270974405657324e-01 2.016010570772461374e+00
4.346073326767588618e+00 -3.768307755543868209e-01 -8.666150533982166504e-01 -2.870277436829722806e+00 9.028443839596180798e-01 -6.258918424773516342e-01 1.615592118509625141e+00 -9.457435682992972048e-02 5.225045811402558193e+00 3.117766672019386398e+00
-4.878272303097392459e+00 3.195638157253612111e+00 -4.016718093817374324e+00 -5.125117012223883606e+00 4.324552877351339752e+00 -4.394605383401119170e+00 -1.301346506316467089e+00 -1.124534415177191882e+01 3.818605389832920860e+00 2.047127548753091109e+00
-1.564995288478982394e+00 -1.549691871864975701e+00 1.482391532905564580e+00 1.453538555674429134e+00 -1.822464394752777439e+00 1.691317142004726382e+00 1.141644655674214137e+00 -1.466436396942238929e-01 1.305153592493820236e+00 -1.731674092888961125e+00
2.407636107723269969e+00 -1.551277266496738028e+00 9.955436293646119372e-01 1.381516318493484441e+00 5.657913560001918141e-01 1.386890417178563206e+00 8.179236781633196784e-01 -3.458616187626692429e-01 1.796687867653033122e+00 -2.007133877521276588e+00
1.012510451463588756e+00 1.598569105920347955e+00 3.487639024835114121e-01 -3.848266257964861214e+00 1.733719430637793213e+00 -8.196392312795508506e-01 1.729687331793757110e+00 -2.641841624578120218e+00 3.605526595595603734e+00 4.537048806730403783e+00
3.821386927920163434e-01 2.403282081676938020e+00 6.346467692900361612e-01 1.432591007101350900e-01 1.862940062027551802e+00 2.379673603932167536e-01 6.846383054860323558e-02 -5.824513682108529711e-01 2.135615879574530585e+00 1.275960078740934645e+00
