-3.421283186696280065e+00 2.901416863783103928e+00 -1.591842337197925561e+00 -4.048063768056002765e+00 2.021444508195352707e+00 -1.471609980448739696e+00 1.531200233390831000e+00 -7.029138100871891837e+00 4.481588810980452919e+00 3.564712628637542124e+00
-4.624267952986029773e-01 -3.133766727031479099e-02 2.219578303930912558e-02 4.294021808197401313e-01 -2.667369076195441613e-01 2.342986493668847148e-01 -1.085526715846228951e-01 1.868926850602206924e-01 -1.790534700891769082e-01 -4.059587850317410984e-01
-4.327883081980200553e-01 2.055922915374987919e-02 -5.896788846900793274e-02 4.344681854088372486e-01 -2.126012233768174720e-01 2.073541269545785548e-01 -7.382385217053495652e-02 9.081098035374092492e-02 -6.799427528704971024e-02 -4.094573911616609663e-01
-5.320401420702788542e+00 3.798734314673935408e+00 -2.005057885802158157e+00 -4.049635292945436227e+00 2.414763798805860340e+00 -1.653496532130031227e+00 1.789681873470240880e+00 -9.409771742173493436e+00 5.848667198238484133e+00 3.733146042826044564e+00
-3.644439051616471525e-01 1.431313925585660785e-01 -9.667425074850471978e-02 1.876873538757192761e-01 -1.599057224025965118e-01 1.000661887313392673e-01 6.699231879084770191e-02 -1.209006861760781974e-02 3.899032056115329936e-02 -4.553704245110298116e-02
-2.572244851203024929e-01 1.583193036219662231e-01 -1.077394423834432055e-02 2.033101801795274555e-01 -7.280921611424479023e-02 2.358264065799776932e-01 1.428720108445284409e-01 -1.999315753532680817e-02 2.277397562707876404e-03 -1.669499788069700452e-01
-2.467447907156939735e+00 2.532292682129910766e+00 -1.313558182048977674e+00 -3.738010722727766133e+00 1.795686783905750428e+00 -1.337870601541946591e+00 1.340093328298769260e+00 -5.647314633839502385e+00 3.821170093526158773e+00 3.489325273991761289e+00
-6.045890349872691694e+00 4.186588097110367279e+00 -2.241018354450456940e+00 -4.054865730438044658e+00 2.504349824313282902e+00 -1.663869158773056522e+00 1.879377505726844921e+00 -1.017373954734882879e+01 6.585435435412146710e+00 3.857027262785149180e+00
-1.702450901721690002e+00 2.153830935646571465e+00 -1.153826274907314042e+00 -3.483976024734818822e+00 1.687138730415769894e+00 -1.297620594889396184e+00 1.091630178512566385e+00 -4.710705666283040216e+00 3.377932055937923561e+00 3.281251066992613374e+00
-5.684759954917645297e-02 2.711068381025606988e-01 -1.251041080020230400e-01 -2.648598678620374680e-01 1.614702926140668682e-01 -8.859003913746704706e-02 2.316676250025973549e-01 -4.216396050381018834e-01 4.148569916695552529e-01 4.528207917669605509e-01
-2.965015016741188308e-02 4.441580059943041614e-01 -1.553402373925205360e-01 -5.766476334832909556e-01 3.253072197689503287e-01 -7.467398061189757519e-02 2.580394408583479571e-01 -5.158699378928724988e-01 5.844911594596488014e-01 6.032041553564907455e-01
-5.127195578909380380e-01 4.810697545685456433e-02 -9.044621354884176817e-03 3.238030264276185455e-01 -2.562508526120456098e-01 2.555906845437980746e-01 2.516011030670802992e-03 9.553552979188635608e-02 -9.841584876665067372e-02 -3.826583374403582649e-01
-9.386719117044146909e-03 2.667328980532065463e-01 -8.739410451801651880e-02 -1.723289257985064216e-01 9.783672251097007277e-02 9.946232991043219007e-03 1.718720987412589996e-01 -1.298729547402144580e-01 2.808477637149495165e-01 3.332501548401310409e-01
8.349583412306735286e-02 4.065960854420292980e-01 -1.905107660897721045e-01 -6.296680351196117797e-01 2.729510453703615780e-01 -2.012351953888851797e-01 3.554643951059033302e-01 -5.423704685647954271e-01 6.813867796440278291e-01 9.077536505458599914e-01
-2.865155383948847848e-02 2.800082504834776609e-01 -2.022499955614767697e-02 -2.567046803931190557e-01 1.544832594574576945e-01 -5.937518845531621070e-02 1.702289596474504674e-01 -2.567591776018001704e-01 3.501786477988987900e-01 4.458319510074391645e-01
-2.063822667383522713e+00 2.280080804396866778e+00 -1.184620405043332880e+00 -3.686661046092197136e+00 1.839295501635856089e+00 -1.385582598380513009e+00 1.206645441878273051e+00 -5.384857763496788685e+00 3.506458116147384452e+00 3.313481001024379591e+00
-4.125628143403606174e+00 3.309242859000590009e+00 -1.743574070367381657e+00 -4.076267408781793833e+00 2.195446410994666753e+00 -1.536746872272419573e+00 1.561382633944572662e+00 -7.818809242234705970e+00 5.043629641107915340e+00 3.674620472744617228e+00
-3.508593878412119005e-01 7.421870487924932258e-02 -4.121380495770774616e-02 1.813032502672516644e-01 -2.004147638810666876e-01 2.014113425883115593e-01 2.297979479780948298e-02 1.341209895157876586e-01 -4.003405459770374014e-02 -1.867032327232643341e-01
-9.192487524269110644e-02 3.212819687848196271e-01 -7.638214064031005612e-02 -1.023900811368639585e-01 1.047831378117074219e-01 6.495775727065779270e-02 1.716465162830670410e-01 -1.446794047653376936e-01 2.630072395318990286e-01 2.723509808739458804e-01
-3.830055885684602868e-01 1.659819967333608232e-02 2.790189866583917336e-02 4.145634068948223505e-01 -2.323932395222979286e-01 3.372968569326397770e-01 2.343461630118381586e-02 1.603620062126728807e-01 -9.056045258800314579e-02 -3.390210048241711904e-01
-8.967382470875460976e-02 2.800497116822988630e-01 -1.357236247337903767e-01 -1.870138381771157751e-02 8.211200806685199638e-02 -8.584767010176106578e-03 1.170874349088844857e-01 -1.448696192815428774e-01 1.899029654765822805e-01 2.492286581654408195e-01
2.960527219246606584e-02 1.016084242148432848e+00 -4.395260407152664084e-01 -1.876411214284269935e+00 9.658610029116808660e-01 -6.963668985901827480e-01 6.433124207103361192e-01 -1.819547927244675289e+00 1.622094535785812974e+00 2.092723668770603229e+00
-1.024077726235445907e+00 1.763480349438688588e+00 -8.966387734943155330e-01 -3.204885394022778833e+00 1.512391024465773004e+00 -1.132015837885093967e+00 9.741140378500814379e-01 -3.798678190296081336e+00 2.901759089710251427e+00 3.013923970909476058e+00
-6.398385889093960444e-01 1.617672884503922770e+00 -8.953979328696002327e-01 -2.920723362275943646e+00 1.379332705969637196e+00 -1.032494417797778841e+00 8.945214625422232002e-01 -3.171417413054596679e+00 2.528928364752449642e+00 2.858862816755783243e+00
-5.569827322481337717e+00 4.153548358600898993e+00 -2.172746569606713418e+00 -4.065442915461325413e+00 2.474056098096788503e+00 -1.472281425590908688e+00 1.960077511196372635e+00 -9.599524625300825065e+00 6.357042581118875546e+00 3.878480198650920308e+00
-4.910260766195029825e-01 1.480789801644852632e+00 -6.731621375642935501e-01 -2.726918806253465721e+00 1.279045378571638247e+00 -1.025215652175549330e+00 8.500179665820249975e-01 -2.879811402427010947e+00 2.343247857360625463e+00 2.852281843667810790e+00
-2.659853589298197374e+00 2.622014730172325780e+00 -1.337647145069051247e+00 -3.805267629818894992e+00 1.902256476783845907e+00 -1.262046193930720372e+00 1.419061072003469981e+00 -5.990519123186000883e+00 3.950697754914846538e+00 3.359742879926747250e+00
-2.531818827422952278e+00 2.534848081076691795e+00 -1.399365864533872905e+00 -3.854996495166214121e+00 1.914097539101535350e+00 -1.399819763264955164e+00 1.293018739342772561e+00 -5.924704082744895572e+00 3.968856442922535699e+00 3.414051462332991171e+00
-2.061467738915603309e+00 2.408401402878136199e+00 -1.249229101237815165e+00 -3.734940999146020513e+00 1.864274795294372566e+00 -1.369259098285152465e+00 1.186048696601383012e+00 -5.307565530551843658e+00 3.727228575813893219e+00 3.453091381022346251e+00
1.150250516874615492e-01 5.296411391184360218e-01 -2.284701422232354173e-01 -8.738530944530694677e-01 4.352418261198093830e-01 -2.371842674415664820e-01 3.227020505145999363e-01 -6.434604992124792755e-01 7.561030143718094898e-01 9.921600533720565940e-01
8.296574174586374140e-02 5.964438495452734079e-01 -2.743046898453677662e-01 -8.821770071319300355e-01 4.811093441735456167e-01 -2.420163142233137665e-01 4.064885624226245442e-01 -8.181415870619267450e-01 9.415146675204224547e-01 1.084608139610322430e+00
-3.062076528954678356e-02 2.222122884677657506e-01 -1.106647949060377972e-01 -2.274116534788840627e-01 1.410166374950440060e-01 -4.646032988151665294e-02 2.309719524204873475e-01 -3.690283939106692168e-01 3.100667443635202192e-01 3.428167052403659487e-01
-2.458799477406372613e+00 2.488748628290185838e+00 -1.292609538246503043e+00 -3.774129082873288965e+00 1.862634517782703059e+00 -1.389872812345227082e+00 1.279233283324783477e+00 -5.755273347815761831e+00 3.838868952943574886e+00 3.427595948226366485e+00
-7.000612552024549906e+00 4.740651344152827740e+00 -2.558339502764682472e+00 -3.875051613642736204e+00 2.632269328509647899e+00 -1.431261585787421131e+00 2.243332804776044576e+00 -1.129199500525731281e+01 7.457862202196978707e+00 3.795348189272999662e+00
3.016869982381269188e-02 4.089311208378123008e-01 -1.885117357576350239e-01 -6.167889685802812050e-01 3.047904339576341104e-01 -6.135188395772676190e-02 3.193725473142317028e-01 -5.196661580257192492e-01 6.231807992174944744e-01 6.323848680958272794e-01
-1.135900910277490850e+00 1.867160437515263949e+00 -9.848860820462385091e-01 -3.366800498646610684e+00 1.603513464517276388e+00 -1.144835139376601862e+00 1.044542881750530450e+00 -4.048258476128274275e+00 2.897498450983511997e+00 3.033088738159232189e+00
-3.231807468110434178e-01 1.339503304879612111e+00 -6.545676254916951153e-01 -2.552184134769335255e+00 1.224607240818035292e+00 -8.721962110677443647e-01 7.701802185264580158e-01 -2.571848651089655657e+00 2.146120993102912156e+00 2.508417638561913243e+00
-5.517320028478215121e+00 4.021796689635658062e+00 -2.156274203973102210e+00 -4.058903690526320496e+00 2.490723683672480870e+00 -1.515318058602093121e+00 1.875810388200538359e+00 -9.625343404733751385e+00 6.278310241458662233e+00 3.726690664829432453e+00
-2.209575322056180624e-01 1.691574219026799886e-01 -1.079656352423607607e-01 -9.470139990725817691e-02 -4.176341643040127304e-04 3.645429082211116330e-03 9.920277744103510320e-02 -2.024080221731164586e-01 2.455823971138314799e-01 1.459666533190833448e-01
-5.552832696481881491e+00 3.851204544871532409e+00 -2.156023964286628569e+00 -4.081215535378963644e+00 2.368385345384162122e+00 -1.647119272656864419e+00 1.785544483108643554e+00 -9.560171736541414944e+00 6.048199824381791601e+00 3.701114981156184314e+00
-1.533725406231793986e-01 1.860902427845160800e-01 -1.703900805900917248e-01 1.225548093852520948e-01 -4.199262212368935071e-02 1.003492877319373394e-01 1.443342687922805900e-01 -7.676976536486676550e-02 1.919075666409776615e-01 5.746088982486833446e-02
3.424323483818154934e-02 4.078145360341215997e-01 -2.394591800753611555e-01 -4.510210503081893418e-01 2.577070177193707678e-01 -1.794064778406744276e-01 2.860200227158216646e-01 -4.985544844265283881e-01 5.662277930652956925e-01 7.430316230212767881e-01
-1.994737502242517960e-02 6.588337020501656704e-01 -3.565031235467752690e-01 -1.044496049825785811e+00 5.698238886484902066e-01 -3.639859046400570342e-01 4.460852423564039548e-01 -1.132601116734325952e+00 9.897923950762839151e-01 1.202947578968966091e+00
3.642306196945584162e-02 5.859118738662209003e-01 -3.500586879800579587e-01 -9.528410754348825007e-01 4.603262068197178647e-01 -3.925957840598320869e-01 3.407548073854219650e-01 -8.651791866024125532e-01 9.365407079969408910e-01 1.213683356418836068e+00
-1.017187767518809988e-01 4.855203519239000842e-01 -2.612136928914891576e-01 -6.497019618245499784e-01 2.784797296262965793e-01 -1.456892847117841894e-01 3.227999850810353011e-01 -6.058266757840508054e-01 6.816319160241601782e-01 7.849228964770020855e-01
-5.737129213293007624e+00 4.132692661328785988e+00 -2.251766955540019932e+00 -4.023507078070308829e+00 2.375472026392443148e+00 -1.496070903697249710e+00 1.951638754447820423e+00 -9.666211178477126964e+00 6.512740157592765478e+00 3.887756779484158098e+00
-1.153780031579005744e-01 2.751807227054407501e-01 -1.060451145662469341e-01 -1.138799003465674059e-01 9.481859653626743822e-02 3.259722620412973393e-02 1.739999860607982785e-01 -2.220847951873419768e-01 2.567742149911474980e-01 2.470675973504407874e-01
-5.336371486786062324e-02 3.779498013378939647e-01 -7.607903713703167980e-02 -4.482140609749430404e-01 2.878301596233762694e-01 -4.724368025017076922e-02 2.553293633656160688e-01 -5.046114076302576912e-01 4.742389262531298555e-01 4.902125090293817933e-01
-5.921558233023503925e-01 1.477725761415228156e+00 -6.030692351051167854e-01 -2.765835240948469664e+00 1.261484370356509288e+00 -8.698439234838469813e-01 9.102066258722171233e-01 -2.901463179911675461e+00 2.337651361495268088e+00 2.680035644593831368e+00
5.283957844190100006e-02 8.078731896589017580e-01 -3.816228323452823257e-01 -1.313460053945968209e+00 7.217518962766606982e-01 -4.559172988478549238e-01 4.506678935792493013e-01 -1.252868465079136406e+00 1.336319339223591918e+00 1.524211308135357656e+00
