-7.329919611220462983e+00 3.994105481620950027e+00 8.565868016137759833e-01 -1.791803915252385027e+00 3.094852362396445677e+00 -3.363444368212646918e+00 -1.413948556276765078e+00 -1.028984906054211734e+01 3.606398424106979750e+00 2.593522857446238561e+00
4.810428242227186013e-01 -3.880217373855508467e-01 3.252914371494675994e+00 1.793599874321668786e+00 -6.583441539564036660e-01 -2.459744090521355231e-01 1.233116216991664293e+00 1.278515871105425417e+00 -3.804337043006214891e+00 -3.487344394487357224e+00
-3.583501004864268147e+00 -3.097384224781105200e+00 1.071907055715489998e-01 2.628195776567725961e+00 -4.514368161027888071e+00 4.020316019420877574e+00 1.351441451413175843e+00 2.401591265106799877e+00 -5.540735907616368472e+00 -5.141037175532198411e+00
-2.160643892421335810e+00 8.059216893164940387e+00 -3.485443505096420314e+00 -3.780599858836128480e+00 -9.944327636575280849e-01 1.517773994087420641e+00 2.275848002466143161e+00 -3.609338162522895743e+00 9.472294287351326503e+00 8.140116866535644036e+00
-5.760215715689978033e+00 -2.602284854078868115e+00 -1.790219485919482267e-01 -2.988177573645445673e+00 -3.269037126592532871e+00 -3.735094861460811266e+00 -2.514994851292485123e+00 -1.361646490072781823e+00 7.017609474939872083e-01 -3.012347706910706080e+00
-5.468235043830809161e-01 1.429303598625178973e-01 -3.666268975085650306e-01 3.185853631708801981e+00 2.791271292513517466e+00 7.619467772823963481e-01 -1.196200744080865297e+00 -3.719071625264728898e+00 -2.667668844462277367e+00 -6.331251965866364628e+00
-2.785572110024077563e+00 6.529806474381945058e+00 -3.507795190578359978e+00 -1.555676045390199658e+00 -1.424629306510255100e+00 1.295424483550156047e+00 2.551573287225059605e+00 -4.126521260312623340e+00 6.019456408696277627e+00 5.770483678902547986e+00
-5.815092233006991407e+00 4.138831644051109926e+00 -1.638703364332996015e+00 -5.179676961425879966e+00 3.829650028536683237e+00 -2.561328197187492606e+00 2.021046496291809103e+00 -6.787435265486799985e+00 7.016031471148409082e+00 6.295805742005796901e+00
-5.139030051447615932e+00 3.204115169680534336e+00 -1.068702418404063437e+00 -4.004754789873139487e+00 -6.814724421632096796e-01 -1.943279097988451776e+00 3.655711892317444089e+00 -7.478878809161066954e+00 2.263125223307108413e+00 6.709280406772622385e+00
-5.649884898444645032e+00 -1.179822736199658051e+00 8.049439521203747283e-01 3.561317375915151739e+00 -2.661636306159136378e+00 1.140701593342965170e+00 5.290482468651009906e-01 -2.078206285037785150e+00 -1.779498217299418039e+00 -4.314747511874312380e+00
5.427686619252754419e+00 3.661577748485500550e+00 -1.784659793308309039e+00 -3.338163882133013405e-02 1.599040562475530614e+00 -4.297801848082912102e+00 4.009408424233596335e+00 6.076628593227831887e-01 -1.646306906009499693e+00 -3.370088401603968720e+00
-5.243475806844791087e+00 -1.612423418625606342e+00 -2.781945875867145368e+00 5.444371096011460409e+00 -4.753268944720741906e+00 1.526623366063895038e+00 -3.647924597298638716e+00 5.157111417021789102e+00 -5.445843937971704740e+00 -3.008368023495441967e+00
3.327209480313830348e+00 7.616464016702845230e-01 -1.853735373830756039e+00 -4.984005968844088308e+00 1.659272969402240339e+00 -8.983065397482811187e-01 -9.684022551117453803e-01 7.292063367274789210e-01 6.082435916199689707e+00 7.857512161303170650e+00
-3.192485674443942045e+00 1.313310751546864275e+00 -2.402719594653729640e+00 -1.014410631853769340e+00 -9.415792258583213226e-01 7.776271948759758690e-01 -2.401197983347638232e+00 2.117957611044842370e+00 4.899258165556433231e-01 -2.365264684007247764e-01
-9.055012950352580026e-01 1.067326015898756753e+00 -4.395080568877994587e+00 1.418392932352145142e+00 -2.989914639446743738e+00 -2.544230539490729193e+00 1.912715645467796044e+00 1.330697219268055065e+00 1.193925073237736001e+00 -3.790354626676813776e+00
-3.012045241932797879e+00 9.503283311955480761e-02 8.549215060324207860e-01 -6.379750731537952468e+00 2.281761863906684340e+00 -3.093489919758642070e+00 -1.914075330117472662e+00 -7.346189103574858770e+00 1.788106807370744455e+00 8.602599711531988547e-01
-5.231423591659168260e+00 7.464127931448956588e+00 -2.111474509356718876e+00 -1.153797013816005634e+00 1.068778456984530584e-01 2.113234449937640314e+00 2.729052982236544356e+00 -6.339880928657122716e+00 6.070784264473514824e+00 3.960668317586372833e+00
-4.244241739279022596e+00 7.775781112429008823e-01 -2.615241733903733490e+00 -4.099457143610769627e-01 -3.037761430920504324e+00 -4.019771169934297284e+00 -3.967131239219911176e+00 3.561794117954923955e+00 -1.911312946523613943e-01 -3.943848660701764763e-01
-2.700362708983606641e+00 -2.327219023431418066e+00 -1.676586166988107918e+00 -3.262864343073835216e-01 -9.208199861347141635e-01 1.095317015589244214e+00 -1.914341482648083126e+00 -1.010694660329180206e+00 -1.462463037717188552e+00 -4.419308813762922838e+00
-1.809457627529927670e+00 2.742945782838935309e-01 -2.939447990479406303e-01 4.650408316837900458e+00 9.109242790257102707e-01 3.501865327550760743e+00 -1.750974692505837593e+00 -4.464558670717044264e-01 -2.748329084224300001e+00 4.173740690070502635e-01
2.726621493707094501e+00 7.427151493278616456e-01 1.133730035838734773e+00 3.464247419062057798e+00 -6.656557119514633879e-03 1.220238650001458147e+00 1.265995058461371947e+00 3.203340766637310821e+00 -1.098471321002031154e+00 -4.010722349607915405e+00
-2.961217796127339597e+00 -9.633641180334798770e-01 -2.942498996801239386e-01 1.183632433501919712e+00 -2.638591678687757791e-01 2.765200321879508927e+00 1.299992697136273412e+00 -3.684724100076707032e+00 1.694616215315262631e+00 -4.959501506662542525e+00
8.229216528150757881e-01 4.647831133941533049e-02 1.213245898578918514e+00 -2.583894264968038534e+00 1.141389990488853590e+00 -1.075773234853241833e+00 1.153381145343504333e+00 -2.316287077847448916e+00 -1.420157363643385906e-01 2.336068538845348375e+00
-6.729806693195418354e+00 6.209217430352464540e+00 -7.960678338628086603e-01 -4.275108069461253990e+00 9.069747265471614917e-01 9.811325845004524870e-01 2.069576106042025021e+00 -5.086595951348383160e+00 2.276961410294221277e+00 3.536964550517569084e+00
-5.004239308417026244e+00 9.578636761027580215e-01 3.276845638896688784e-01 -5.253254820950375326e+00 1.902681032053997745e+00 -3.884227281804821796e+00 -1.008558336812251932e+00 -1.260803103121174829e+01 4.405025900011854567e+00 2.003524255106603480e+00
-5.187295426073874616e+00 -1.583018966106318981e+00 -3.534735917699100227e+00 -3.084519807139531444e+00 -3.213055014335992610e+00 -5.870866093865517721e-01 -3.303047337578890463e-01 -2.028030546873780704e+00 3.191710456064379642e+00 3.379647996908761720e-01
-3.430341305365972371e+00 4.481551753673358895e+00 7.906134272212663738e-01 -1.179554678254068456e+00 5.174928686975995618e+00 1.183586232734793908e+00 4.069169960088911076e+00 -4.602820351861676151e+00 5.194439142374959850e+00 2.934881717070029872e+00
-5.080752422063024021e+00 4.659658211908373815e+00 1.157113965107664511e+00 -5.286694238088256448e+00 4.369112611684776049e+00 -7.181397631819824712e-01 3.334796897703387053e-01 -7.187846207361765494e+00 2.389543860906490416e-02 1.333970323747196041e+00
-3.376298128248071517e+00 2.489850170663893802e+00 -2.788641938261382514e-01 -2.182506955798654502e+00 2.580490000675919937e+00 -3.315191420401758737e+00 -3.831091413240889088e-02 -6.778397991839892889e+00 -2.652056637103068937e+00 2.421588788761172673e+00
-5.236929058281321048e+00 -2.378760218033286300e+00 -1.419680277840806637e+00 -2.715017722903906527e+00 -3.287617923120123020e+00 5.171155783649999949e-01 -2.828453180093088992e+00 5.777834341548739872e-01 2.372877316916889079e+00 3.590413376401093704e+00
2.108273179141822773e+00 -1.816582067003631007e+00 -1.213221493626231773e+00 8.515704583086103341e-01 1.785388173135218803e+00 -1.710780310641953239e+00 -1.338026425116354501e+00 -2.532910236712041296e+00 -1.424696542664102283e-01 -4.432853420250644660e+00
2.425774958660138481e-01 1.577352825795679703e+00 -1.982841238108960236e-01 -3.572478275529196612e+00 5.328461959010266646e-01 -2.750627784030430956e+00 2.254554521005662338e+00 -2.191653133008567345e+00 3.237772231577685123e+00 -2.392633537947050471e+00
-9.186086697830427639e+00 3.175226906144450023e+00 -5.009727840321771097e+00 -8.571693753694781259e-01 -1.131560865730501408e+00 -9.584084013030844673e-01 4.480830544684976324e+00 -1.023128408097303677e+01 5.034150475394709723e+00 3.154056216976314886e+00
-8.536517856579836305e+00 9.375894509585993575e+00 -3.560091350869692750e+00 -8.350509993301288292e-01 -2.496586414716256641e+00 4.669021171017067928e+00 6.029291231218625313e+00 -6.894190995441274339e+00 9.072473457824210996e+00 5.416136469348677984e+00
3.696565061139915009e+00 2.477760757967414573e+00 6.051647793421994770e-01 5.772854497382741812e+00 3.190340461047326936e+00 1.744641568664796027e+00 -1.732468448891919754e+00 2.618757707651026223e+00 -2.234630605539296155e+00 1.091764704713926504e+00
-6.935005926199502291e+00 2.252177048225926903e+00 2.455116844363636641e+00 -4.758894325815637316e+00 6.961632745078310869e+00 -1.827335557993882809e+00 -1.791413058649341750e+00 -7.855276054467503322e+00 -2.301372380232355574e+00 -3.293054384116756772e+00
1.694896735069301441e-01 4.936508916051893792e+00 1.899824810235682504e+00 -5.499564204582225280e+00 4.384518732258996465e+00 3.941750373496033077e+00 3.804413414488972300e+00 -3.623114870621749528e+00 9.072408027171277922e+00 2.912837724731874189e+00
-6.103340603827297706e+00 3.456506698943968114e+00 1.822955814143381037e+00 -5.073708649476522226e+00 1.111017545848535404e+00 1.003213125054661425e+00 2.290922485680752185e+00 -1.158190709295109855e+01 8.265016878487697838e+00 1.960796503351940556e+00
2.728922844696264782e+00 1.478887901293131524e+00 5.422538594197020556e-01 1.302312742151189529e+00 4.603074910985859858e-01 -3.944981039590197636e+00 1.533096727997407482e+00 7.659267438892828350e-01 -3.123933539342028443e+00 -3.131670912408353047e+00
-5.348187241540037995e+00 6.797727175368732944e+00 -1.621238082057923080e+00 1.414881166842241633e+00 2.678421504528249564e+00 1.731796907685278830e+00 7.213831759569985458e+00 -1.101790182055403022e+00 7.881703551036649991e+00 8.312987921087060528e+00
1.819269484656135250e+00 -1.846147490987924744e+00 2.972417432427819861e+00 3.031641898774998789e-01 -1.193717993966378677e+00 -1.694049480300818811e+00 -1.060677767307292907e+00 3.386220282666322134e+00 -4.256727173433481060e-01 -1.721646106227126660e+00
-4.335671620966008888e+00 -3.389945453840197409e+00 2.703730804015528122e+00 -7.379511156051347109e-01 -1.617408630761863586e+00 2.723160222705661937e+00 -2.097840455063420873e+00 -1.013044372771115587e+00 1.976898541021139044e+00 -1.448220803136964330e+00
7.026377139394504034e+00 -4.991675726042595351e-01 3.509683272021694833e+00 -3.593737181707975736e+00 5.607642617825007392e+00 3.546084397894487594e+00 3.097775947249517436e+00 -4.576743960595099914e+00 5.777098396026278060e+00 5.382399662847336508e+00
-1.841207810821407387e+00 -2.399336707297860638e+00 2.628772326154166450e+00 -4.788518982834315096e+00 -3.558678133866068904e+00 2.840020140901322598e-01 1.564513522250134070e+00 1.575017872652307860e+00 2.731088608132047568e+00 2.354239852750026341e+00
4.600365947104476660e+00 1.021120556074732955e+00 1.522217373517271932e+00 -4.718705451278936813e+00 3.525288140203994391e+00 -4.702046624651313067e+00 -7.156235553898262491e-01 -1.407770481475042468e+00 1.496036242180773523e-01 5.836732961221858140e+00
-5.450766987984430934e+00 3.114939357147886723e-01 1.943290204796689569e+00 -3.610343250270625859e+00 6.069575825957612025e+00 -5.378279873032053793e+00 1.108865566045989848e+00 -8.845879398072435507e+00 2.359141570666149768e-01 3.475702605758008268e+00
-2.523008660574873829e+00 6.232278289846499009e-02 -1.430033139135171272e+00 1.427267011110266326e+00 1.842231479832202812e+00 9.811365660476902839e-01 -2.438425126443139135e+00 -3.151569213797907221e+00 -3.276629222875829583e+00 -1.544088449597357693e+00
1.977512165506162489e+00 2.760808539042514997e+00 -1.340006309766405446e+00 3.664303781298325458e+00 3.887055505108321096e+00 2.291923732482168852e+00 1.830044346906268826e+00 -3.515579599003601619e+00 -2.521329856809581216e+00 -9.528252583287261102e-01
4.539618306710524465e+00 4.600679278929633576e+00 -3.938395283364988231e+00 -1.659211058437276121e+00 2.599615719034336081e+00 -4.078618330134230696e+00 3.204082703545338084e+00 -1.939329120552687247e+00 5.384143875785896149e+00 3.007454225750770593e+00
4.048272085368056494e+00 -1.820829730637554933e+00 2.532912852347052990e+00 -1.331418107328161238e+00 1.724737819955516782e+00 2.048912105304030451e+00 9.818518960222080150e-01 -1.181267198333603302e-01 -1.359264059912763001e+00 2.576774945550587503e+00
