-6.523253627638592178e+00 4.278325207660617302e+00 -2.377654938429393905e+00 -3.905970701444731574e+00 2.215968294153338292e+00 -1.429738541104194960e+00 2.225805186711333761e+00 -1.041561112576433956e+01 7.095897317794285897e+00 3.920935225328670448e+00
-2.934753961799610802e-02 2.844943738288094326e-01 -1.627304506329012301e-01 1.636891865881250074e-01 1.303869484840471382e-01 1.977160360468150357e-01 2.633666498078122142e-01 -2.456716332505013145e-01 2.878278876081502569e-01 2.389611529235131579e-02
5.035673642458877719e-01 2.433277733558205091e-01 -1.912671428232077531e-01 -3.180741255284191826e-01 3.046239539623157300e-01 -6.415683186042263342e-02 2.461980918046199340e-01 -1.686412165777737560e-01 6.098924848112370345e-01 5.265904976797973758e-01
-8.048093353492420832e+00 5.714959414342359878e+00 -3.098133988111242410e+00 -3.439000483839962818e+00 2.179867669604003133e+00 -1.085246106156164903e+00 2.548320695389571622e+00 -1.250195925723025958e+01 8.947200636512510741e+00 4.197134426323137824e+00
-2.724587290606494405e-01 3.228259147717718602e-01 -2.235947973047958670e-01 -2.520356068810963857e-01 -1.059148431489905506e-01 -1.120775328832992329e-01 1.450073442568126925e-01 -8.420411493387987278e-02 5.395161646909141240e-01 6.613478025746238886e-01
1.786509188530695791e-01 3.872066004933178984e-01 -2.584621117012247254e-02 4.063854825248168490e-02 3.150754508536527387e-01 1.901895483388091057e-01 3.174171419482837986e-01 -2.707686846936637748e-01 2.872278447627344411e-01 1.778064196578063305e-01
-8.175594403169581526e+00 5.489688856497805247e+00 -3.221279860397651351e+00 -3.195223366379139396e+00 2.347059946316968571e+00 -1.267273376430021248e+00 2.672742873830144639e+00 -1.231560595430726224e+01 8.846907309230504168e+00 4.193849901540839475e+00
-6.133106894475851334e+00 4.292757672046937145e+00 -2.266353458077524419e+00 -4.006687414656902035e+00 2.516604735201899867e+00 -1.504879375384631901e+00 2.034514733164313860e+00 -1.029335244260309601e+01 6.805409030067317566e+00 3.831882634769363083e+00
-8.367114690172142488e+00 6.057215359849113412e+00 -2.996845648574122389e+00 -3.064928866170246291e+00 2.072601512819843617e+00 -7.590596163475707980e-01 3.043453041167551554e+00 -1.196991188405191764e+01 9.193698554031932701e+00 4.639736602533232279e+00
2.658024803531621738e-01 1.708972433781651978e-01 1.043243494861966804e-02 -3.424028779181978455e-02 1.497510521814333639e-01 -9.465927443433989896e-02 1.962551203241022224e-01 -1.346807289429387544e-01 3.671149795791590065e-01 4.707947853848440389e-01
-2.969687060609148277e-02 5.229740910229585538e-01 4.179727013070906605e-02 -6.259029023894694399e-01 4.840199436619086470e-01 4.523792998591499859e-02 3.450550246360225004e-01 -6.909288927039788364e-01 6.390518666160761585e-01 5.317309224874881002e-01
4.615012206087424351e-01 1.619518417262124366e-01 -1.037955104362015823e-01 -6.134287687533394040e-01 2.541881319450052246e-01 -1.284483799742293375e-01 2.112119673966046940e-01 -1.493995212227490765e-01 6.863711793910355352e-01 6.607891756536807826e-01
-1.208074365558188951e-01 7.960363087117097169e-01 -5.163934812119251871e-01 -1.706923976248860386e+00 6.470861963964491537e-01 -6.047786829205492598e-01 4.398986603729165279e-01 -1.356765818415195390e+00 1.319983690660678999e+00 1.711036555543043125e+00
-2.369397756063208738e-01 1.150654432678442779e-01 -5.534158892499242699e-02 -9.701067624165808645e-02 -1.234231739496660790e-01 7.531341814780398436e-02 -6.416226696658244855e-02 2.002234404031177639e-01 6.044804207173873345e-02 9.735597094246165257e-04
-1.726779695127479419e-01 8.645791649346648566e-02 1.531049514946296042e-01 -2.184836546159688031e-01 3.046911341863705117e-02 4.519997004734632035e-02 8.551442141047693735e-02 -1.741355679922587663e-01 2.882429617393905685e-01 1.324185929141299678e-01
-5.090931614090661306e+00 3.463544005530254211e+00 -1.905918628961847716e+00 -4.101593307087206597e+00 2.323330470663890868e+00 -1.758513031526281356e+00 1.478255215074511408e+00 -9.035240903761113884e+00 5.794916431344972807e+00 3.566427785402523920e+00
-8.143687077765102700e+00 5.707857338915214740e+00 -3.162088050878405276e+00 -3.222487918264000495e+00 2.081380005097983155e+00 -1.081741421891954547e+00 2.839332829302688932e+00 -1.234427616326856025e+01 9.112237335413677641e+00 4.496649476923311184e+00
-2.599900583792612574e-01 1.366462583599902247e-01 -8.533785221862180692e-02 -4.339657927160572304e-01 -1.365011301878607253e-01 -6.059515004257501336e-02 1.757284005583697670e-02 4.687139188755814340e-02 4.112401383706765223e-01 4.030092978526697567e-01
6.776654657334332810e-02 3.099396036633894069e-01 -2.101456654873199437e-01 -1.960952620673596936e-01 1.276245984462990590e-01 2.970968756010479439e-02 1.870234163994714816e-01 -1.137988317400179805e-01 4.279341427026386868e-01 3.790760424074352541e-01
2.897256116408194471e-01 2.204938740417924092e-01 -5.684239097171531196e-02 -3.077516452356003976e-02 2.221831270133002023e-01 -2.044700847468699720e-02 2.170355815073753414e-01 -1.584176230888109105e-01 2.009040685537122339e-01 2.846292581045609671e-01
2.514279738167720171e-02 1.253059979855597472e-01 -4.700596907273735248e-02 1.486205781413226790e-01 1.429132508371886434e-01 2.851802924643839221e-01 1.997865489614099876e-01 -1.993392945859625009e-01 1.981701557232064259e-01 -3.254519635370352604e-01
7.148648526199373465e-02 2.805210307420472060e-01 -7.827719212014509764e-02 -1.129857766376146516e-01 2.374097965766443219e-01 -3.733614229004258295e-02 2.081246179681297548e-01 -3.608384724569277391e-01 3.237758783275111463e-01 3.470602110169315191e-01
-1.707802232399147427e-02 9.867607145678550795e-01 -4.755103513957094630e-01 -1.705176695235281814e+00 8.338532698393250620e-01 -5.677961515745126864e-01 6.545348388995884115e-01 -1.629969663258624912e+00 1.595761603313813337e+00 1.949348635646877437e+00
-8.393185521156965478e+00 5.834848606267951432e+00 -3.156278839262685487e+00 -3.180972501197862456e+00 2.045106652922413559e+00 -1.061325525847489626e+00 2.992674443004312401e+00 -1.205261791528820936e+01 9.144835925063317106e+00 4.773165011641611777e+00
-7.221170225314578417e+00 5.012191546124401320e+00 -2.577843623779935811e+00 -3.509973163945679264e+00 2.324388077943961406e+00 -1.085325302249128043e+00 2.588777945369772571e+00 -1.105193857287165748e+01 8.310237476613702157e+00 4.182853398219029906e+00
-1.991808698583644177e-01 3.462997325578482943e-01 -1.929202752375318575e-01 -6.395314942514128687e-01 8.487529772385089821e-02 -3.308724297369403655e-01 1.441617640247179477e-01 -3.944349797408996938e-01 6.031646094597320484e-01 9.242572367843214787e-01
-6.176336141549467307e+00 4.189155649583439001e+00 -2.536231107151672770e+00 -3.972211844336562603e+00 2.320842259857966106e+00 -1.675204251089003504e+00 2.094917209673760272e+00 -1.034776893221744132e+01 6.917965660287041629e+00 4.042663437283859906e+00
-4.923261210937011967e+00 3.587080500452108023e+00 -1.963473207896985873e+00 -4.343153951326249818e+00 2.268232939551016347e+00 -1.658703157795542449e+00 1.673795782235700136e+00 -8.716834921987324236e+00 5.319616746911099092e+00 3.750889564200738047e+00
-2.868732467890931392e+00 2.403730330031707219e+00 -1.306603606152410224e+00 -3.984711371904955168e+00 1.818395334403661190e+00 -1.376473941818465940e+00 1.251190491795715509e+00 -6.091177472029563944e+00 3.746975067590813779e+00 3.134917466829433952e+00
-3.434528443432819378e-01 1.310642865003394386e-01 -2.470458081820714746e-01 -2.127095095338832065e-01 -2.458301155640327806e-01 -2.086673653601049117e-01 -2.213297700364365642e-02 5.441556757810286915e-02 2.393271608979470333e-01 4.730180403883012530e-01
4.389132286644940005e-03 4.129155676841014810e-01 -1.317345168482032536e-01 -9.018629799691890714e-02 2.252403165092031756e-01 1.244686702437817899e-01 3.451393073511329623e-01 -3.666528238039114540e-01 4.954012385834329901e-01 3.509323368941244525e-01
-3.136554298257742679e-01 4.416851603550499550e-01 -6.136904337770539286e-02 -3.515304494725596807e-01 1.708069610141042527e-01 -3.881321580458745035e-02 1.791657704050432509e-01 -4.155979372661552929e-01 4.223615222524167989e-01 4.740146363569198718e-01
-7.493928970542824253e+00 4.968497633064321128e+00 -2.725365439048895944e+00 -3.335343093411232918e+00 2.380991640089822337e+00 -1.408553395953630938e+00 2.316803172604902095e+00 -1.137495791808789569e+01 7.911794997543932340e+00 3.994137742187306550e+00
-8.115884870913479432e+00 5.834498920853963710e+00 -2.943279947122398710e+00 -3.448007053092590812e+00 1.778397248846447232e+00 -1.040096607015157382e+00 2.448740950201636846e+00 -1.271539560305404315e+01 8.973153836827158614e+00 4.339174728946021631e+00
5.624656843144584251e-01 3.848798796948309509e-01 -1.331390755975965789e-01 -6.515029569990119507e-01 5.841659468954717438e-01 -6.306087481308468579e-02 3.998690979895303532e-01 -5.783567054415875708e-01 7.055384467298461137e-01 6.837317858375508983e-01
-7.243039864907085068e+00 5.071208703269353357e+00 -2.940568864804072646e+00 -3.569789827346857347e+00 1.997558603062238536e+00 -1.229841730011565382e+00 2.825298834419914584e+00 -1.087491904223476524e+01 8.326045099674441730e+00 4.755705762835448880e+00
-3.548597482104705048e+00 3.270150913471345344e+00 -1.832383537674776575e+00 -4.173609995585906951e+00 2.120435357796456532e+00 -1.652502437814457270e+00 1.516070967064433672e+00 -7.179887743858463622e+00 5.060232249440741015e+00 4.138155591156874813e+00
-8.266301294064188454e+00 6.076709894511791887e+00 -2.864067734313078262e+00 -3.215704732718992709e+00 1.860945910516611734e+00 -6.274526347530546833e-01 3.005319457853275811e+00 -1.244850884616870879e+01 9.982285562750146113e+00 4.713137577796067568e+00
1.119735347715469093e-02 4.355690617852873703e-01 -1.591687444144855926e-02 -2.634803726188554851e-01 2.967004257089227992e-01 9.867504955940008260e-02 3.387453043450595058e-01 -4.265061468516481713e-01 5.599158734431692874e-01 4.439803202287445627e-01
-7.215029189130876652e+00 4.557539252187123857e+00 -2.723036920481714418e+00 -3.826387678342811682e+00 2.433922448338214028e+00 -1.674271013018342469e+00 2.185236534290304622e+00 -1.147366245559405762e+01 7.504196235613624921e+00 3.877807430221247298e+00
1.357982363049946573e-01 4.363352947948502814e-01 -3.052625984233300893e-01 -3.827279342237178139e-01 2.593025319183456245e-01 -1.654981337783151957e-02 3.501720460308748173e-01 -3.975836787853346266e-01 7.762675368617750760e-01 6.612948775977248728e-01
7.538143062178051523e-02 2.625036389719707097e-01 -2.958573710688657266e-01 -1.047172318816391584e-01 2.590442587387439127e-02 -1.104892135283994659e-01 1.507695331374898084e-01 -5.644136109160283882e-02 4.504603794828325736e-01 5.369134338928254202e-01
-3.783989865778026457e-02 6.658229837343180302e-01 -4.669586953759882753e-01 -8.251805275582719812e-01 6.138407176279722099e-01 -3.284261147781673551e-01 4.867568695966230652e-01 -1.285807659289522453e+00 8.739449824119768229e-01 9.998722127544641403e-01
-1.996822365741960856e-02 5.362124645908110665e-01 -4.323124712334560082e-01 -8.283870452093231584e-01 2.702671778349510778e-01 -4.253712696653124681e-01 2.672452980758214247e-01 -6.130004201784748918e-01 9.071003799591695893e-01 1.255789594685547073e+00
-1.175187450375029918e+00 1.769776585733479624e-01 -1.527441749260996240e-01 7.341247661729770613e-01 -5.397713626303222156e-01 3.840665972710252674e-01 7.389226544194132072e-03 7.267187373840885978e-02 -4.151642525149688567e-01 -6.818453659639582831e-01
-6.651575178758601936e+00 4.594064557295286733e+00 -2.460013081321918982e+00 -3.853175634482322476e+00 2.221101666280885567e+00 -1.262500919167926616e+00 2.458910901997696019e+00 -1.046056138561740134e+01 7.353731962566065761e+00 4.149984809215619741e+00
-2.441729646931817266e-02 3.601641792700667755e-01 -8.322121600381336692e-02 -9.029217598870716011e-03 1.478840267197036318e-01 7.184611769814151783e-02 2.210435909846958924e-01 -1.678489405468606421e-01 1.881048087166740101e-01 2.703060823526924339e-01
2.263283535396651835e-01 3.740967115620297267e-01 5.470216482934960045e-02 -2.421241116891502121e-01 4.639183120707914831e-01 3.458848579161642040e-02 3.235378516090370860e-01 -5.371729401781637492e-01 3.079518016518892898e-01 3.422001711782984845e-01
-9.813843877559229600e-01 -2.013851662226090120e-02 2.110350315872283888e-01 3.044897373198661716e-01 -3.180042825154640873e-01 2.244464153581574029e-01 -7.596559168430069842e-02 -1.692385598462213814e-01 -4.051516703155925714e-01 -6.251036937367735469e-01
5.535469829635150663e-02 4.333950926045187502e-01 -3.999699053637987278e-01 -3.142235537298253001e-01 2.754389173015906467e-01 -5.679569197109304163e-02 3.406482456012274174e-01 -5.253390545149694280e-01 5.535281595339436311e-01 5.300129736950721648e-01
