-7.047080928927877075e+00 2.887057242785174171e+00 2.161414967776631446e+00 -2.850950767941822228e-01 2.620821465390218652e+00 -3.186008848891045631e+00 -2.252289615074565710e+00 -8.133212782514245731e+00 2.861165153032112496e+00 1.814307000370536826e+00
-3.050858695856909289e-02 -1.312018762564537866e+00 4.178239048410764767e+00 2.042744760472382737e+00 -2.723341456354125278e-01 1.952196386159907204e+00 3.780537468150169111e-01 1.109664052122821154e+00 -4.629780200629099340e+00 -2.086366602217352373e+00
-2.827025674775078823e+00 -3.244237176951434876e+00 -1.098592170917519067e-01 1.860255164955625817e+00 -5.293134538742557460e+00 3.510147317439537229e+00 2.841543261158273825e+00 2.899245933027895905e+00 -6.046547893763449366e+00 -5.854513865636467251e+00
-1.978827575272493311e+00 6.049215244347464271e+00 -4.129341049297229560e+00 -3.208870300920042773e+00 1.299253417742165073e+00 2.748809971834513810e-01 2.640878762598447782e+00 -3.449463820703758676e-01 9.290468843773616925e+00 7.995550962293636488e+00
-6.908114165353164360e+00 -3.833812305020527500e+00 3.451987058309224921e-02 -3.168210897260728576e+00 -3.048800258766354077e+00 -2.657383884934759077e+00 -3.926821066680220795e+00 -2.394419541841328325e+00 1.137745038071162451e+00 -2.194979503544704169e+00
-3.890875983508902958e-01 3.582155329227320606e-01 -7.731920928817836991e-01 3.117223986194942231e+00 3.617760345593786564e+00 2.408478158270745961e-01 -1.720664370398539589e+00 -4.553429733923569422e+00 -2.914796071805831890e+00 -7.095099435625274786e+00
-1.698785918298576725e+00 4.208228683734192899e+00 -3.921660685606580987e+00 -1.113759307012995997e-01 -4.294364161125829860e-01 7.237817405184767683e-01 2.572114641827140336e+00 -8.419915331920014845e-01 5.463697138642473305e+00 4.700055784950719406e+00
-5.810153367617123088e+00 3.766920067294102115e+00 -1.526912358821191029e+00 -5.780501290100645839e+00 4.327475687684999350e+00 -2.827724831769520719e+00 2.070720255182895375e+00 -5.532186464426592565e+00 6.936999108488479671e+00 6.677338298409390305e+00
-3.834926733206338145e+00 7.370406339559247844e-01 4.237538789031053410e-01 -4.212565642540579525e+00 -1.896802335752177049e+00 -1.773370632197654562e+00 3.409618213578468726e+00 -3.922744158764861933e+00 8.239047856331677133e-01 6.200277717682990186e+00
-6.706326449588572380e+00 -8.647720023247099652e-01 1.060311435589443185e+00 3.726440475247386974e+00 -2.587061652789198529e+00 9.424310495624103057e-01 1.206256099002978921e+00 -3.907053440427997959e+00 -1.101464426337590341e+00 -3.252377467248518172e+00
4.357760057834734191e+00 2.136106966183682232e+00 -2.471821877792083733e+00 5.883901495383461189e-01 2.871606432657552332e+00 8.759053728664386584e-01 1.507463484308445345e+00 6.074125160468999557e-02 -3.012099619770989278e+00 -5.077630934791866890e-01
-4.457860766850155976e+00 -7.898340206695775301e-01 -3.754302486420831197e+00 5.278503540462259558e+00 -5.228311099187460620e+00 -5.307069992642260425e-01 -3.108173922208752327e+00 6.118789405554548644e+00 -5.951894341981383896e+00 -3.817626088613611302e+00
3.946723437090407849e+00 1.532818777025179324e+00 -2.396201143746860662e+00 -5.793471078774271810e+00 1.431703294779137714e+00 -2.718440139367948039e+00 -3.842985649017198191e-01 1.162552625749096125e+00 6.873483978792222615e+00 7.007957040956573458e+00
-3.593845921063147486e+00 2.861711414839117396e+00 -3.154982513666837463e+00 -2.101613254628901473e+00 -3.851745416608656214e-01 5.894861277529427346e-01 -2.592577907692304784e+00 2.463804075745879008e+00 6.647168262319101961e-01 -6.890161338067608554e-01
-1.984340303607950773e+00 -3.567800279965088750e-01 -5.487831006225041719e+00 2.291014144617507853e+00 -2.778662854366287682e+00 1.092094296765184769e+00 3.829679267947406207e-01 8.698664759676220104e-01 1.535412602663601023e+00 -1.905292641591666003e+00
-2.144553611002793847e+00 -1.889484694610701121e+00 1.459117407127907384e+00 -5.709507519244038320e+00 1.523716409636207469e+00 -2.948474729937177408e+00 -2.562697394417277952e+00 -4.627699805320727222e+00 1.379823235857225328e+00 -3.064574148142403809e-01
-5.070719390190039810e+00 6.257240403994775768e+00 -1.963462623037528498e+00 -2.620189970864419439e-03 1.095523315672192854e+00 2.016229654127345672e+00 3.056096546688328530e+00 -4.181728594864729587e+00 5.566055279694175795e+00 3.139811729787876704e+00
-5.263668342416496060e+00 7.574808531914942744e-01 -3.132652783573627531e+00 -2.982939359741894614e-01 -2.504481032911465288e+00 -2.850009907961100541e+00 -5.884884003495775673e+00 3.743826543806530793e+00 -3.137606403349370576e-01 7.497476302070502641e-01
-2.167887553882677398e+00 -2.324524282136368747e+00 -2.396372324425487310e+00 -1.261882605466019047e+00 -8.704838258787921390e-01 -1.003754435902369686e-02 -1.771201948037948837e+00 -1.135935658589587449e+00 -1.334200597694931378e+00 -5.756783802974089426e+00
-1.788302707250841950e+00 7.527762552842458543e-01 -5.427327194586480941e-01 5.193933977687640535e+00 1.232303120058299450e+00 3.202834831222083345e+00 -1.816569510651202979e+00 -7.061468638683883192e-01 -3.257900129661139843e+00 7.125942422473269255e-01
3.455364340959593328e+00 8.259433300148304458e-01 1.366575171456624993e+00 3.646283273674051806e+00 -1.210698921585708770e-01 1.405947428756040285e+00 1.491932884640966517e+00 4.216254124951720250e+00 -9.344244949557640734e-01 -4.756552142009024209e+00
-3.688821665062858912e+00 -6.165242054225692492e-01 -5.066723759764674151e-01 3.257783862080628756e-01 6.208501103422884443e-02 2.832166230663412332e+00 2.120735514403635946e+00 -5.608254051105531879e+00 3.521166082771368444e+00 -4.845461537101988014e+00
-8.580255644945811166e-01 9.508961582110553312e-01 1.222573483607255485e+00 -3.785772465220170524e+00 1.694506556798336394e+00 -2.142959352463848166e+00 1.590675926560996212e+00 -4.959089829680022987e+00 -3.905372694172340453e-01 3.581041252908308881e+00
-5.918765166984558235e+00 3.097062619275990691e+00 1.164062643038781042e+00 -3.600001724137468440e+00 -9.866677930949369069e-01 1.254697647244841008e+00 8.970698285868815569e-01 -6.558968381538854420e-01 5.351101709428822684e-01 1.929485990310801702e+00
-5.030591381809918161e+00 -9.114900788241531160e-01 9.199076749477338444e-01 -4.528439293902728480e+00 2.316687508579255095e+00 -4.509275113755101039e+00 -8.575518726411799353e-01 -1.114486511119671341e+01 4.098910170441643075e+00 1.589976256562600110e+00
-5.925779691026220597e+00 -1.365961921021297876e+00 -4.398130980837173354e+00 -3.670571564129397224e+00 -3.425834281724870589e+00 -1.105789298132297649e+00 3.775820990732110527e-01 -3.422601651090883657e+00 4.373933391038948848e+00 3.829060681661780596e-01
-1.208939345769836082e+00 5.222205959609895309e+00 1.825740226179683789e+00 -5.907983538669754342e-01 3.511280594807267619e+00 2.813877745383743356e+00 3.267223335790406136e+00 -4.188789795102463742e+00 4.662809029191777199e+00 2.106769910265080092e+00
-3.910457481880223352e+00 4.405285821741260932e+00 2.461234004365254524e+00 -5.207134131739437954e+00 4.081619065955046644e+00 2.246411781937621976e-01 2.760244831973312496e-01 -5.380725405834643205e+00 -1.213478429304752915e+00 7.361529593327060805e-01
-2.890325707524903809e+00 2.506417862058987200e+00 3.481960118304497365e-01 -1.556202081338165621e+00 2.695916416011360894e+00 -3.384953273148162634e+00 -4.687683465864143223e-02 -6.277358698861331021e+00 -3.918105161198515596e+00 2.371756711776573212e+00
-5.015409000596688038e+00 -1.602566021248235328e+00 -1.661266710249898138e+00 -3.549654889631490562e+00 -4.103070128932091443e+00 -2.308147213734178749e+00 -1.594584225132584576e+00 6.490432353175594749e-01 3.270340048025371260e+00 2.419448446607677550e+00
2.705020761834914023e+00 -2.828895926325946775e+00 -1.730900840959137987e+00 1.033958540743981747e+00 2.155072142715866779e+00 -1.892213344690585997e+00 -2.182231372423041993e+00 -3.046931582451279485e+00 6.469725655616583027e-02 -5.074240633789305122e+00
-1.654189745498955810e+00 2.358293982785455989e-01 5.836124327437317016e-02 -3.375427484484442964e+00 1.438719914143095968e+00 1.811842649681632667e+00 1.951176208654236688e-01 -3.256294542520802526e+00 3.634607570937911980e+00 -2.891544275844134537e-01
-8.091016401556363036e+00 3.812602054665066298e-01 -4.769356479336221533e+00 7.167322551215992155e-01 -3.546585783639621958e+00 -2.438577547365924636e-01 3.287458031381484513e+00 -6.934736439648549577e+00 3.568229355367475097e+00 5.739515407020344684e-01
-9.332327663563917852e+00 7.989063127217332472e+00 -3.275032960327683984e+00 2.647667879224181123e-04 -1.679819296848508392e+00 4.501212430911214035e+00 6.612579609909245981e+00 -4.959842989951684267e+00 8.420526792173388841e+00 4.739555404154457641e+00
4.546115399969399284e+00 3.813633653244233646e+00 6.696231848372481421e-01 6.405394442224254803e+00 3.592986465767546544e+00 3.564537163879150095e-01 -1.667978955704627397e+00 3.513638000931394778e+00 -2.704209733296676355e+00 5.607907226819052182e-01
-5.542258429060934688e+00 2.248977111202314028e+00 4.210304658721801374e+00 -3.666050035934170559e+00 4.628050233187124718e+00 3.600150624752129214e-01 -2.992129786437243588e+00 -5.981571938976707692e+00 -3.493476139956726012e+00 -5.168377116470197485e+00
4.803848264927665035e+00 3.109908529296696589e+00 2.449426536264026399e+00 -3.979251792637674701e+00 4.610395710278133663e+00 4.622916891008387985e+00 3.183013227477497598e+00 -7.263102727014209004e-01 7.283780153500672760e+00 1.445496730453599721e+00
-6.662005320214181125e+00 1.772670202573236597e+00 3.065636700851527063e+00 -4.611925379504427269e+00 1.748384866303162921e+00 9.309713047706945632e-01 2.928616684098373835e+00 -1.008656980432889227e+01 7.907533385666882353e+00 1.354935603135860811e+00
2.016611232169918555e+00 7.728566481481857764e-02 5.601855022305801679e-01 2.013993764428615663e+00 1.382012066003543538e+00 -6.985919034890066825e-01 -4.921613568860777610e-01 2.033409674265245770e-01 -4.394485085359104204e+00 -8.486098411081504089e-01
-3.119351505375285161e+00 8.159990217268834556e+00 -7.535329916755042490e-01 1.726860987196206620e+00 -2.673612922973949702e-01 3.350950572690039486e+00 5.913520483069059530e+00 -1.022509374050570408e+00 7.504489076196357189e+00 8.217092575101764496e+00
1.898776389765056027e+00 -3.369629290884609496e+00 3.825859646747283183e+00 4.889581714753437058e-01 -1.030134640428257420e+00 -2.822266698279846456e-02 -2.384215100831389211e+00 3.768700652208988533e+00 -3.834620697221983732e-01 -8.151128810943232272e-01
-4.024563851255456903e+00 -3.243536684240063472e+00 3.470839689646956217e+00 -1.549656749543422363e+00 -2.024736852235979434e+00 8.253926351071272371e-01 -1.108398333349701836e+00 -1.363819007175352871e+00 3.409369102050819667e+00 -2.792916696683584554e+00
7.812106403658452436e+00 -4.822138089680075290e-01 4.516328858362691712e+00 -4.046579065993126889e+00 5.452225098621243049e+00 2.661851264440368237e+00 4.528816518448734563e+00 -4.989865713522338986e+00 6.723003546617462689e+00 4.486554644390182034e+00
-2.459024637471032282e+00 -3.364152840412994117e+00 3.719863154741999356e+00 -5.367061589069426653e+00 -4.173657815568525109e+00 1.783267263624645382e+00 1.949390967412709896e+00 1.562446551440827447e+00 3.499318101170461937e+00 3.196571162449535208e+00
4.670871514304509198e+00 1.150919659798269601e+00 2.023728868606961662e+00 -5.100508477328579815e+00 4.098679700865012876e+00 -5.408974183438714611e+00 -1.316342116517110528e+00 -1.715213170626918471e+00 -9.003344615573032339e-01 6.521448133335807640e+00
-4.914560688057402871e+00 -5.448108124347512959e-02 3.277028391400174101e+00 -3.375385495596388452e+00 5.745236630011286039e+00 -5.264315105462642030e+00 1.276059491863398287e+00 -8.377216107486061603e+00 -6.485935942661135156e-01 3.724415352456297512e+00
-2.816047721657522818e+00 3.412979039547433535e-01 -2.065844871477149347e+00 1.377699040655764540e+00 2.690426795103610491e+00 9.556479815275856771e-01 -3.222820299412052059e+00 -4.024458854833450339e+00 -4.166432756048942032e+00 -1.299292172767044562e+00
2.242203121752484041e+00 4.179654501378228026e+00 -2.078578790548482047e+00 3.696220117381860959e+00 4.368030094564896437e+00 9.301912693169545054e-01 2.736742871795605936e+00 -4.235815330769458598e+00 -3.297624256271193488e+00 -1.422669589439421900e+00
3.017321877425296783e+00 4.242859525806416343e+00 -4.923825088665045868e+00 -8.096481932782279012e-01 3.348095981235475804e+00 -1.161928770117691467e+00 1.816452821363971681e+00 -3.144299755019583476e+00 5.751793025927534941e+00 5.179809862996663128e+00
4.884307736860884930e+00 -2.483872284903855920e+00 3.019229876404732060e+00 -1.732182305989062199e+00 1.671974240039308501e+00 2.085022296795941088e+00 1.372359765490407835e+00 2.417409962097208723e-02 -2.054997748950358805e+00 2.662946641220884203e+00
