-7.957626899615974025e+00 2.293536150490154135e+00 5.892800686273154120e+00 3.216554071063541631e+00 2.539835965129984014e-03 -3.342118308753288414e+00 -5.196001309354793207e+00 -7.455155405104305189e+00 3.320665138335229472e+00 9.204668039988512795e-01
1.195871105534033418e+00 -8.584536434996783982e-02 7.258533626060163613e+00 1.505379956532385766e+00 -1.394690907708541205e+00 -1.476316254658734062e+00 3.173139490842636690e+00 2.619930859043758442e+00 -5.956621808550329966e+00 -4.186100192823418276e+00
-1.241833517411379484e+00 -6.588858003665028384e+00 -8.753599525827052696e-01 8.811382871779227521e-01 -7.325827263225321850e+00 6.713268303037855489e+00 4.692829674945516061e+00 4.463492606356151526e+00 -7.822962835152355687e+00 -6.115924321179121215e+00
3.516219099648661750e+00 7.051867124176022017e+00 -6.093136962980415738e+00 -3.449445067937058074e+00 -3.849490239846918183e+00 1.947558634578128167e+00 -2.275774628227034579e+00 1.967755342478260561e+00 1.054382704036421181e+01 6.562969085646307654e+00
-7.745395234399933493e+00 -4.698757456442389291e+00 1.428648121972872609e+00 -3.662778410917665095e+00 -4.490713255016700600e+00 -7.085858842171635530e+00 -3.799894668092085759e+00 -3.337666003924255609e+00 3.621507119953070841e+00 -4.664106388092564615e+00
-1.593371813596912712e-01 7.919311296700856095e-01 -2.050807279594886179e+00 3.415848592195922961e+00 6.046387134173179412e+00 3.027360768834296834e-01 -4.140322258076869488e+00 -5.975431416056443901e+00 -3.761263753402114496e+00 -8.639170035093304278e+00
3.882411350350491563e+00 3.021670436201302046e+00 -5.585256431241965913e+00 3.633524024378192330e+00 -6.429635929743645839e+00 2.421143281169182870e+00 -1.726328494232330701e+00 1.260473401125004500e+00 6.666000008974322100e+00 1.504968828559179794e+00
-7.014418847489755748e+00 2.695081490197459573e+00 -1.420769431246176717e+00 -8.200803077651508843e+00 6.104201231602083944e+00 -3.554705647009156699e+00 2.572177335694725286e+00 -1.854494504612646200e+00 7.035456981904232521e+00 7.739636827317140089e+00
-4.950778106763929820e+00 -1.776374319886279696e-01 2.788415604877927834e+00 -4.318943680920403594e+00 -4.605036196096361500e+00 -1.992243677101649402e+00 5.312470080419113394e+00 -5.038406215617870387e+00 -5.477434032462100699e-01 8.527132883252562578e+00
-8.155391207762432870e+00 -2.044156164225390260e+00 3.475817640239253326e+00 7.084022930641807214e+00 -4.952964403520279113e+00 -1.335402553474973830e+00 3.681154853219526846e+00 -5.987129803150065044e+00 2.023802483906967375e-01 -3.454822221199516097e+00
6.705759319298939758e+00 8.119257637405119965e+00 -3.298798058671630340e+00 -1.807428161921716958e+00 2.542336109202687489e+00 -5.381538818118968059e+00 5.662238391571648322e+00 3.327841093841033882e+00 -4.590798967757552695e+00 -6.108540846573092153e+00
-3.604354672455951647e+00 -2.448555015956196179e+00 -7.028107716581117437e+00 6.208301714819377537e+00 -5.146243176829990773e+00 1.747260247006064526e+00 -6.093905705844862908e+00 8.245658766856299948e+00 -8.187692382177608863e+00 -2.553640586155993653e+00
4.091103296466389594e+00 -2.491355245386126516e-01 -4.469388947789217248e+00 -6.560607617972601169e+00 2.447810567341189181e+00 1.004617051850929865e+00 -3.662193331496622406e+00 1.892763659863277548e+00 7.867963513511983642e+00 8.772639584606803709e+00
-4.630665562542301217e+00 6.223514077798902200e+00 -5.558758337542451855e+00 -5.084477760374261912e+00 1.692303048777349828e+00 3.092976219748241107e+00 -5.633538376420820448e+00 5.554884467896476608e+00 1.353953208905712691e-01 -2.222109803388540694e+00
-3.848986021613692854e-01 1.119806360059923067e+00 -7.878573864507792734e+00 2.674073875839421355e+00 -5.470870361465927090e+00 -3.694566197000852092e+00 3.874863986383768388e+00 2.664848816290518396e+00 4.518720782908337341e+00 -6.473927500691957881e+00
8.471872373669152995e-03 -6.223893961596239421e+00 2.649442971463115359e+00 -4.241881147824829057e+00 -3.356636851510975461e+00 -2.110151205283137266e+00 -6.230066056721072165e+00 -7.780859559185737684e-01 2.693401084917625088e+00 -3.879811278213892933e+00
-1.832559911141748765e+00 5.984538473784904333e+00 -1.426814184832038368e+00 3.541155742720698107e+00 -2.944150206284672500e+00 3.996486193807900378e+00 -1.126425829137076839e-01 -2.583145093545979876e+00 5.642416020865484327e+00 1.621975736938144064e-01
-5.924224354384318936e+00 4.431474152532162591e+00 -4.357617578421232096e+00 -1.521389972383483835e+00 -1.952843208842800271e+00 -6.465406692623700380e+00 -7.888465082816801477e+00 6.435545761200765824e+00 -8.240325978999965550e-02 -1.447879365781303163e+00
-1.259924735431348974e+00 -4.979824634617880719e+00 -5.112816310895354377e+00 -2.935143431342782439e+00 1.152847740520518138e-01 2.754718000895520991e+00 -4.632821586480209142e+00 -9.771807279646103073e-01 -1.444188728776245378e+00 -7.126315118952154748e+00
-2.224032058120834154e+00 1.072429758786078047e+00 -1.903416721693457658e+00 6.889716765577333035e+00 2.788943154451979822e+00 4.134433298504044174e+00 -3.372696066392723679e+00 -2.323674123957723214e+00 -5.588105035264954168e+00 3.333652266476272441e+00
5.465159034893700252e+00 9.686508089320654546e-01 1.886085927704986842e+00 3.300937368007783590e+00 -5.170942841750634233e-01 2.317317085133375087e+00 1.886500584242188028e+00 7.583372566256334046e+00 4.496105780589130380e-02 -7.253757444103791308e+00
-3.873718211272520140e+00 -3.044666326586375149e+00 -4.981325006251274834e-01 1.863911759091579246e+00 -1.088883437791646980e+00 4.234384623559342309e+00 2.783049337354971620e+00 -6.670650323217318878e+00 6.206653392839844408e+00 -7.131878808952273552e+00
1.284473174416001395e+00 -1.101760221938388185e+00 3.157686016605512513e+00 -2.734059832575824078e+00 7.385624012734351984e-01 -1.707109138718959196e+00 2.278272687060165946e+00 -3.101166133508072242e+00 -2.162208302031311646e+00 3.362119579422591098e+00
-8.285113937695692599e+00 5.964722058796345650e+00 2.989370943174408435e+00 -5.793256941753796241e+00 -1.070595241805230025e+00 3.035982486843987971e+00 9.293042997560960750e-01 8.400877218340456476e-02 -2.842993951304050304e-01 2.509816034918472383e+00
-2.949123441778708443e+00 -3.569004727499941243e+00 3.062912059586702096e+00 -2.617986001261650486e+00 -3.367931999966644607e+00 -3.880064118224176184e+00 -3.689182610617435465e+00 -1.081686720531504520e+01 4.841019759048435844e+00 -9.553226511707231527e-02
-7.107472499443852065e+00 -3.903697597212033354e+00 -6.290939306757913130e+00 -3.397922389599657311e+00 -5.261368471474096253e+00 -5.714121915044619859e-01 4.958372093813564474e-01 -4.742917207361005083e+00 6.884498357736999807e+00 1.973016455574034544e-01
2.427839582818118458e-01 1.420431524230965303e+00 2.971434890352030234e+00 3.831606842085995002e+00 7.657127248593833535e+00 3.282378343740953941e+00 5.407555033240002196e+00 7.851556447917636961e-01 4.418149382884281273e+00 -9.238120209319287124e-01
-4.682831660636268545e+00 6.084480757998983691e+00 5.256624609699315442e+00 -6.785646953243250401e+00 5.862908591750549014e+00 1.639568791374877765e+00 5.438868857688987646e-01 -3.639421888955791218e+00 -3.832009060767255004e+00 4.171926079828077727e-01
-1.511939006285300868e+00 2.365695615833220522e+00 1.964578495396259061e+00 4.453326206459743974e-01 2.489381774032220385e+00 -3.380526863736675658e+00 3.444706760973767143e-03 -5.773616606654774941e+00 -6.566456455809466242e+00 2.392910341608499802e+00
-6.623110390297095584e+00 -5.137938116777213793e+00 -2.517700824974573592e+00 -3.070870512101207428e+00 -4.704179238413392028e+00 8.428737980555138787e-01 -4.063736386876285245e+00 -4.940039601952085357e-01 4.514575791981211061e+00 5.270019171048368811e+00
5.241981019109269724e+00 -6.176536184317418687e+00 -3.371061468028556884e+00 1.742430162691060769e+00 2.346400348829732252e+00 -3.944262196359717976e+00 -4.030188178930673715e+00 -3.932333886618479823e+00 1.562380333512281672e+00 -7.827276281091049448e+00
-1.750780349846525752e+00 4.449456163881943205e+00 1.394966694098882520e+00 -5.897174213347144089e+00 5.297981485737219831e-01 -3.532183280476819398e+00 3.783430397944490320e+00 -2.262898840477779228e+00 6.450216627950766224e+00 -5.821719132561706367e+00
-9.394670819616644408e+00 -3.981998695450799097e+00 -5.986647521732638921e+00 4.495957533654823202e+00 -6.411979943331612475e+00 -9.767663234219923218e-01 4.786236531042173503e+00 -7.193459843886747862e+00 5.694233165842636168e+00 -6.685900890081529768e-01
-9.476295869132965066e+00 7.783369509428416322e+00 -1.800418143708711671e+00 1.519258256732124224e+00 -6.124361458601504715e+00 6.582809231981632259e+00 5.276751231095538230e+00 -3.747550856280924325e+00 8.474104492440241998e+00 3.134672080305898501e+00
5.458379895832376150e+00 5.289554061502735216e+00 -4.538435870539931360e-01 7.962095427785632396e+00 6.435430929960872959e+00 2.065183814690505493e+00 -5.228761261087144341e+00 4.827736789605658885e+00 -5.461334868392881958e+00 2.505492891540590961e+00
-8.396485319630663469e+00 1.301818862884221994e+00 7.312044074589267417e+00 -3.450012757134111041e+00 8.265397309122857195e+00 1.157111569192837752e+00 -3.114287364240669653e+00 -2.069403361245178097e+00 -4.929213236897179939e+00 -8.111273002775144292e+00
6.706610906899015845e+00 2.425741458429742980e+00 2.829804988847470781e+00 -4.952243869497261031e+00 6.426646040525481496e+00 7.262018494134300006e+00 3.767648997123100418e+00 2.731820946769214498e+00 9.363827621583732608e+00 -1.536853138543651909e+00
-6.590718624789757563e+00 -2.483950293916038221e-01 7.514611312807239152e+00 -3.846199979768028410e+00 -3.223329495941658962e+00 2.947844377840175500e+00 1.706012758210508240e+00 -9.657448912865630675e+00 8.312274647704558816e+00 -2.799823650687245924e-01
3.580660474345310096e+00 3.363504665018677287e+00 1.854214643160942755e+00 1.645876396437033318e+00 7.380161366139906809e-01 -6.950462720378577153e+00 2.224589548085238899e+00 1.785968003215609778e+00 -6.070818921548224445e+00 -4.002545544128718547e+00
-4.881210596202978813e+00 2.982793816642519857e+00 1.651947219106925935e-01 5.933028115849257489e+00 5.089831663883578550e+00 1.997664749217768376e+00 9.520180753288791209e+00 6.022376613421458025e+00 7.647610129505568288e+00 7.291239443912529872e+00
4.724377556885520413e+00 -5.505442184155712404e+00 6.400589789193911194e+00 4.061620237616908047e-01 -2.823588744867689737e+00 -3.141683229437100877e+00 -1.983643789667583146e+00 6.690621505312013717e+00 1.230146947060887008e+00 -3.839040701472459460e+00
-4.944718622018497989e+00 -7.616997878525457288e+00 5.975968387612044630e+00 -7.807113966656462622e-01 -3.044070841954495066e+00 3.299261693528270367e+00 -2.587583802112157549e+00 -2.336810035877476821e+00 6.781412566705554923e+00 -2.637266063423383766e+00
8.829703109556904295e+00 -5.437609387367707825e+00 6.151815298534924814e+00 -3.479299314892576156e+00 5.553015052647936933e+00 6.754150906198106874e+00 4.655039969026880442e+00 -7.725826260217036001e+00 8.529197284417419311e+00 6.429205049379778991e+00
-2.311217106118980347e+00 -5.597142383262564636e+00 7.204895175100403115e+00 -6.861748852456402759e+00 -7.740970087065613292e+00 1.020658506041254299e+00 5.525027725749823482e+00 2.910475547056278867e+00 6.008123155473708010e+00 2.028047287614103578e+00
4.337236937522075841e+00 2.678420145402953256e+00 3.574182458834924248e+00 -6.099844063988856036e+00 5.893302877853288990e+00 -7.939785491029316411e+00 -2.761514574289696711e+00 -2.586165228413283668e+00 -4.593379886640599707e+00 8.221256835988992151e+00
-6.260236605922635533e+00 -2.912045027320483204e+00 7.185769956448026186e+00 -2.329420328146258878e+00 7.644004574018205211e+00 -5.856410444413838512e+00 4.091645757152219787e+00 -5.758790932918706140e+00 -2.463008746863529996e+00 4.629756329435612550e+00
-3.716384529309981311e+00 1.861982841645176689e+00 -4.534288656085476710e+00 7.448146146741947415e-01 5.768530367481760734e+00 1.043755931325412112e+00 -6.053032974515891951e+00 -6.359975315765291626e+00 -7.665522132085050622e+00 -1.670893887123900412e-01
1.340640224341504982e+00 6.309092592526529764e+00 -4.098836401082667003e+00 4.884199490109524255e+00 7.062664126848091861e+00 3.227420097547318178e+00 2.015993323344621224e+00 -6.620870560825959927e+00 -6.862811966377907247e+00 9.515883338866732988e-01
3.217999593342449227e+00 8.372159148829741326e+00 -6.671998994200282418e+00 2.856845103383636592e-02 3.021987055003165779e+00 -5.600604385767918636e+00 4.316941507518587962e+00 -3.163285970821954507e+00 7.680472420127720135e+00 2.968865385166332693e+00
7.248817939829653945e+00 -6.268184818786602719e+00 3.417466036620428582e+00 -2.584370882812283998e+00 1.601113454179966755e+00 4.140887573861127713e+00 1.321921382238952614e+00 -6.776266790669219220e-02 -4.583790815589793510e+00 4.128939210472301724e+00
