-8.261814324027437095e+00 1.451550292110310281e+00 7.959118806404674729e+00 5.401273248098805269e+00 -1.572954439229602430e+00 -3.292039826982587236e+00 -6.815575491163007094e+00 -6.333687382847923431e+00 3.390899076543098634e+00 1.453013406815042707e-01
1.398893936634757917e+00 8.907405778546527431e-02 8.877580588726912580e+00 1.373759295293301985e+00 -1.711848834240300432e+00 -1.967299306387772173e+00 3.976442229317228350e+00 3.135081037926528591e+00 -6.746226217935398672e+00 -4.392433452782816161e+00
-1.984229144363908737e-01 -8.099795182123317616e+00 -1.349720741208013441e+00 1.325460153918196771e-01 -8.435532205879017198e+00 7.845099251680909269e+00 5.998521770101820749e+00 5.280528312764559473e+00 -8.674716476292127609e+00 -6.460790539663949339e+00
5.965114391553709261e+00 6.662055561630403133e+00 -7.281781105564699708e+00 -3.131666002196610066e+00 -5.377348186429077970e+00 2.195417754877214467e+00 -4.440719548168586606e+00 3.944145338766544828e+00 1.113150535887896986e+01 5.652316616797332216e+00
-8.434820289164804308e+00 -5.560033989569951984e+00 2.156994133112941636e+00 -3.722494483047209535e+00 -4.977025734426962167e+00 -8.390352211013366812e+00 -4.241928913784797750e+00 -4.130847787867844012e+00 4.870971604956009671e+00 -5.265770105645027677e+00
-5.229354840571186908e-02 1.084615598984812301e+00 -2.806565531641822542e+00 3.382859378824747409e+00 7.371613847821012477e+00 1.750534393579608883e-01 -5.428452968205213836e+00 -6.811115923490221213e+00 -4.214274845679592651e+00 -9.397617388083956413e+00
6.691031817531921888e+00 1.337671476097026302e+00 -6.594826450943370943e+00 6.097195373330917434e+00 -8.666504365728691539e+00 2.853367026931621364e+00 -3.724965806862952533e+00 3.360371799705057061e+00 7.236612769155045477e+00 -5.874728918656139109e-01
-7.702266637687449347e+00 2.146157484370689428e+00 -1.372433596357168328e+00 -9.514770388822775260e+00 7.033327092792679203e+00 -3.928446325527317651e+00 2.843114155521996533e+00 4.875175237052737504e-02 7.103055487093490328e+00 8.295362376098308843e+00
-4.984052234067428699e+00 -1.513599585653907287e+00 4.465784282140444539e+00 -4.419841075798043306e+00 -6.387583600689823449e+00 -1.958429673532576576e+00 5.862064781375809552e+00 -4.264910798568672945e+00 -1.543969380074460940e+00 9.193760413696182354e+00
-9.151303739112188751e+00 -2.479605542760428882e+00 4.703514356197072921e+00 8.707031772074916631e+00 -5.983168344263041227e+00 -2.491631816918599807e+00 5.066127881609738814e+00 -7.659550689271940271e+00 1.107426346903087611e+00 -2.933699669885087680e+00
7.063334495093113397e+00 1.005449696939143145e+01 -3.886341499142325517e+00 -2.709887007632922451e+00 3.001198460791927314e+00 -5.626440356385068675e+00 6.205306560921409975e+00 4.517493962626062398e+00 -5.799786198373108270e+00 -7.161026168784785817e+00
-2.837584662848766204e+00 -2.834365322054151370e+00 -8.806126569123119197e+00 6.371280324766842362e+00 -5.180127068244865463e+00 1.931000598361034770e+00 -7.108469934587101413e+00 9.401518930225288173e+00 -9.290117891373624204e+00 -2.394244820244965322e+00
4.461206621750153367e+00 -6.882327306392472810e-01 -5.591663962215878136e+00 -7.198891955593532899e+00 2.802124409362415580e+00 1.817803712951495232e+00 -4.776729236126972644e+00 2.387932210969187174e+00 8.488387678883894338e+00 8.947676169666605617e+00
-5.209866518593501361e+00 8.359444477875086932e+00 -6.924132681287326285e+00 -6.952265276973387920e+00 3.017196833750103835e+00 4.384318953292589249e+00 -7.150064760448849199e+00 7.048420851500921458e+00 -1.788806123123526381e-01 -3.047453181854084647e+00
-1.311826213124304419e-01 1.028191054023176454e+00 -9.171269814703062906e+00 3.187489156302032889e+00 -6.456603458827356867e+00 -4.071865518114419658e+00 4.636204975129981420e+00 3.189433988736126047e+00 5.926620089463147778e+00 -7.516922706953873323e+00
1.174038114913925623e+00 -9.002474552471106506e+00 3.241566009178674435e+00 -3.003055081776794921e+00 -5.968162759981758825e+00 -1.710119182397780602e+00 -8.159524863863977018e+00 1.928779093360353025e+00 3.392064221282664604e+00 -6.009688966031632162e+00
-3.947793344177195074e-01 5.184811039328069526e+00 -1.234849420055015745e+00 5.669000399733942430e+00 -4.352381472933113393e+00 4.703138974306865450e+00 -1.476864250606483964e+00 -1.158593490207022958e+00 5.697333580104764650e+00 -1.593509512818398699e+00
-6.575252686076322739e+00 6.081796844503871924e+00 -5.011923910826898698e+00 -2.064515194864976255e+00 -1.334650599835065066e+00 -7.289923057969746267e+00 -9.469193348099071983e+00 7.600183346007659324e+00 -8.426260743242476592e-02 -1.955475983861731271e+00
-5.444524387568071555e-01 -6.086647135458017388e+00 -6.613578260415911458e+00 -4.045170191263961712e+00 5.838770778566106934e-01 3.532223896724070222e+00 -5.810868441782726990e+00 -8.424071327427591349e-01 -1.444045039038737599e+00 -8.220597727404955535e+00
-2.402634997018469054e+00 1.396426551448810116e+00 -2.595920583592243869e+00 7.726243157836422348e+00 3.542043857360408499e+00 4.292598078433777609e+00 -4.021335774359502402e+00 -3.130616474227681412e+00 -6.792891090007922905e+00 4.534597112963472121e+00
6.516218496125375736e+00 1.039258343001063567e+00 2.149829741059628319e+00 3.071697251316773514e+00 -7.271983187112693869e-01 2.817919089415457545e+00 2.079056463258154519e+00 9.376383339812608853e+00 5.862911403016182188e-01 -8.585774422335996192e+00
-4.173175291451454605e+00 -4.069286721300324317e+00 -5.761107430881211577e-01 2.246202051895874963e+00 -1.483414622956147344e+00 4.863492798644751147e+00 3.303344872478437555e+00 -7.830489796165278626e+00 8.058321632131054457e+00 -7.841204307500365900e+00
1.538306910726612520e+00 -1.395175430384875570e+00 3.955313448177837365e+00 -2.789525870791421891e+00 3.005592666466611607e-01 -1.907990616295668351e+00 2.611741362658662524e+00 -3.650248265079543586e+00 -2.959072499910594178e+00 3.842891630980266537e+00
-9.038049405068186104e+00 5.867734987458677054e+00 4.587864095983195334e+00 -6.422849444865406099e+00 -2.069084520179123032e+00 3.837621988802220496e+00 3.479898768056229330e-01 2.001828642433963523e+00 -1.166052835240815710e+00 2.127106417683271022e+00
-2.170101646475622204e+00 -5.535808456131787736e+00 4.131099027074810692e+00 -1.272928507029581269e+00 -5.747569503253432188e+00 -3.831485854127285151e+00 -4.890815704759629234e+00 -1.004536035833344698e+01 5.199814425858490630e+00 -1.121730426930347413e+00
-7.718115240518923947e+00 -4.946109055865093751e+00 -7.323535483194451245e+00 -3.336986973179531635e+00 -6.085041809276889424e+00 -5.666349605009557422e-01 8.603590489227397331e-01 -5.829238184218583640e+00 8.369563840586014436e+00 1.471174089686263231e-01
1.738097638678875123e+00 5.121371501397835313e-02 3.661914985195316774e+00 6.014113757830802598e+00 8.497293049484390792e+00 4.081933434822775375e+00 5.849209247537926259e+00 2.821397408748494318e+00 4.290750296196706337e+00 -2.620331957522453958e+00
-4.692482696341661708e+00 6.717032419533774501e+00 6.881488498361845174e+00 -7.432527566547268094e+00 6.458905075019763409e+00 2.540660420836623246e+00 6.846161490412027151e-01 -2.409338431460033458e+00 -5.229483828097333031e+00 1.660020934391325809e-01
-6.184938496124300911e-02 2.351901612078690196e+00 3.029563054346033901e+00 1.752322354261852233e+00 1.660601073265373095e+00 -2.962213394821862078e+00 -3.464822942159983543e-01 -5.327586961626090023e+00 -7.912550140539780230e+00 2.094125793859423101e+00
-7.018294721584259044e+00 -6.318942972057622676e+00 -2.947796118572722612e+00 -3.063513734465336036e+00 -5.249366004878692316e+00 9.400631374449015532e-01 -4.488908948605599747e+00 -9.794573068789620418e-01 5.357397637300414850e+00 5.863072159298103436e+00
6.562065510242904409e+00 -8.077151506729565611e+00 -4.260923174632034183e+00 2.160106918550396493e+00 2.453507523766602194e+00 -4.854606205820521936e+00 -5.105779630343088904e+00 -4.418949238813769220e+00 2.366460156963422268e+00 -9.162274168851931577e+00
-2.605403616290300928e+00 5.742158220567080917e+00 2.133784991416496357e+00 -6.811123418436979549e+00 5.483247334617924462e-01 -3.773074642587078920e+00 4.375252921742167622e+00 -2.154000571159053301e+00 7.752928390423291738e+00 -7.186183358552327149e+00
-9.396746326439469499e+00 -7.157779890249221566e+00 -6.348327171276139325e+00 6.901368042051538865e+00 -8.740269823586480413e+00 -9.816940527071703615e-01 4.696069328270876753e+00 -5.867379695023513086e+00 6.249057908717624343e+00 -2.457959815100681844e+00
-9.824939602066059763e+00 7.001770531523620278e+00 -1.016795538313362890e+00 2.559636483462480072e+00 -7.769641582719057915e+00 7.290104467385680742e+00 4.772670460320878050e+00 -2.568492840272308619e+00 8.380503897253895218e+00 2.135554577281254307e+00
6.048939798274997948e+00 6.479455337711997664e+00 -9.726872705733551339e-01 8.605692625348957847e+00 7.772297375400027519e+00 2.189271697829611174e+00 -6.688978203518258780e+00 5.676611785806319865e+00 -6.819146657493430297e+00 3.028755047150198276e+00
-9.120115673250035471e+00 8.483104013305353686e-01 9.219547244584880730e+00 -2.857229274501737137e+00 8.604819258403395565e+00 2.306905973824684430e+00 -3.655582387419090917e+00 1.869861401459049777e-01 -5.712873186786038282e+00 -9.955386046716185433e+00
9.242630228641946388e+00 1.335473931710792650e+00 2.894465318054976866e+00 -4.503450218329235533e+00 7.121840270109137450e+00 8.495094349136678602e+00 3.654379686826822571e+00 5.122933931104778793e+00 9.601802781137337206e+00 -3.460950991150058442e+00
-6.911142487747100382e+00 -1.886674859257783110e+00 9.839496865201732945e+00 -3.163283205713681046e+00 -5.226984765715346093e+00 3.678505716306300855e+00 1.341194473768990481e+00 -8.869799654941990852e+00 8.418402049044081181e+00 -1.239348595537058006e+00
3.802078664949731124e+00 4.179462055810053478e+00 2.414010909615052825e+00 1.740220097131832455e+00 8.657046080517436515e-01 -8.064110766229777738e+00 2.478103591511637394e+00 2.175304226108716321e+00 -7.219666698118959225e+00 -4.249975113888998735e+00
-4.803381077974629321e+00 1.294494446432994827e+00 8.579196515308196158e-01 7.764687521053166286e+00 5.937964278860367706e+00 2.082382826129546061e+00 1.035123952030108363e+01 8.699475387946121074e+00 7.724937210176104685e+00 6.704748587878998300e+00
5.912752245377459026e+00 -7.087308779751277932e+00 7.741175096441997638e+00 4.870294126683091251e-01 -3.530869168807335701e+00 -3.688105225816287192e+00 -2.315402670341181413e+00 7.962483355328186185e+00 2.037107257038824226e+00 -4.718936805233824749e+00
-5.087536333991868887e+00 -9.524906884610645719e+00 7.252064741491314415e+00 -6.060003864144398733e-01 -3.661574598291772009e+00 3.604352277672480565e+00 -2.807499022439082559e+00 -2.910494441443104208e+00 8.776060347893919200e+00 -3.010948044287500291e+00
9.552526494809619351e+00 -7.617821950156592692e+00 7.127435193217546150e+00 -3.277375199717531551e+00 5.311883670209343933e+00 7.859108645485344269e+00 5.298730018527202823e+00 -8.955775285496217819e+00 9.648893872455428067e+00 6.809514366454453516e+00
-2.418569615024085628e+00 -6.893151729832116992e+00 9.119389830874663261e+00 -7.511051942406028026e+00 -9.489325202518163138e+00 1.196337644554815505e+00 7.263205671775929240e+00 3.428067127618964260e+00 7.430118918926792659e+00 1.778926085632208887e+00
4.107761794746834560e+00 3.498432177664513976e+00 4.385238955338619959e+00 -6.605024370828202152e+00 6.867018697717850451e+00 -9.191300749885961352e+00 -3.561863278035187985e+00 -3.063405660622905202e+00 -6.582613874743682203e+00 9.165179148185666591e+00
-6.799018725808807062e+00 -4.162145293292372372e+00 9.317478483871910910e+00 -1.847223591660051234e+00 8.184524497074095351e+00 -5.994180401321293594e+00 5.350968438003965488e+00 -4.653741964177373625e+00 -3.403597089309412738e+00 5.118102088519759896e+00
-4.191646308468119031e+00 2.705137708532520335e+00 -5.864972593506728948e+00 3.826924252750957267e-01 7.419270359747263122e+00 1.094567499407325339e+00 -7.567296589727795286e+00 -7.573489763321915369e+00 -9.554919988049794810e+00 4.453543524326433745e-01
9.686754878873830021e-01 7.813454936738642331e+00 -5.240068111248503691e+00 5.244744982137476974e+00 8.339701419388331871e+00 3.567698987201174177e+00 2.006311506523068555e+00 -7.821290998784371951e+00 -8.725360375709453109e+00 1.821000909245555466e+00
2.587314010077806259e+00 9.899379144647637574e+00 -7.641893585519797583e+00 7.217505872072230710e-01 3.182749129339558891e+00 -6.181176073255396197e+00 4.727857041985069841e+00 -3.639271914777870709e+00 8.544206581802193057e+00 2.959507570173969260e+00
8.557313520708049737e+00 -8.172952579336369539e+00 3.619844440417599785e+00 -3.067978471670739005e+00 1.482524451346029837e+00 4.952261532518081211e+00 1.442934076523134213e+00 -6.652836588926881733e-02 -5.880794117276002098e+00 4.728494604868859419e+00
