-7.836016303362503876e+00 2.614861508202441343e+00 4.969740458858595389e+00 2.286132325071315918e+00 5.701468019140848442e-01 -3.344554519271901505e+00 -4.504787519713097765e+00 -7.977122782450283722e+00 3.363219250114761305e+00 1.231801440446876672e+00
1.069064587124146648e+00 -1.434677439681172062e-01 6.524892466189709417e+00 1.559272373882333751e+00 -1.258728504597124820e+00 -1.251324326623564520e+00 2.816960772700329407e+00 2.375425756122158560e+00 -5.566452465932095528e+00 -4.062159743397200984e+00
-1.679347276988470972e+00 -5.954497778163551303e+00 -6.942291720909602448e-01 1.206588930231102808e+00 -6.807975242758772083e+00 6.237413856865773987e+00 4.071626497541785739e+00 4.082710035892215039e+00 -7.411590390564958497e+00 -5.928164216915522644e+00
2.582697049804696832e+00 7.361788996679819341e+00 -5.582737847677256227e+00 -3.548896623730962041e+00 -3.531003113304729712e+00 1.948438313243339826e+00 -1.542835119385687737e+00 8.258430193987473800e-01 1.033214832181627330e+01 6.866220185430969458e+00
-7.387280940220779968e+00 -4.313250653871759432e+00 1.130599431416815071e+00 -3.550107950828402803e+00 -4.268678344202599284e+00 -6.477967054307240957e+00 -3.566618819353400749e+00 -2.975647640224575063e+00 3.083810454882115248e+00 -4.366496599168499415e+00
-2.164249447958290218e-01 6.693771965253442202e-01 -1.734198278679704108e+00 3.393756645484036216e+00 5.440930884412410684e+00 3.796574483063482885e-01 -3.589738091017440347e+00 -5.547959555248028529e+00 -3.560763088947076049e+00 -8.245022577733339020e+00
2.649762187215880083e+00 3.673114259099914403e+00 -5.198096703467374624e+00 2.663243134824401892e+00 -5.502185996748689689e+00 2.220799698719794879e+00 -9.221368995474176211e-01 2.627682054396567324e-01 6.531807145216588673e+00 2.293134837389875447e+00
-6.784612780656985365e+00 2.957726980695166485e+00 -1.458479406876030504e+00 -7.643032203326256990e+00 5.687441372022090214e+00 -3.373678702140230357e+00 2.468731574086572067e+00 -2.747007678506096617e+00 7.028203214214291172e+00 7.477583276140975954e+00
-4.917223075493732942e+00 5.030467254598478544e-01 2.087075880621858115e+00 -4.278759573995645660e+00 -3.995302747505495411e+00 -1.942452946763357780e+00 4.949097797963711187e+00 -5.540187218706456918e+00 -2.846407096601947032e-02 8.198242009094913740e+00
-7.697646861893192138e+00 -1.882448025552476478e+00 2.979798168487966858e+00 6.430099811064737381e+00 -4.528838967207573951e+00 -8.746361356627393446e-01 3.098722543610065383e+00 -5.267279395185448188e+00 -1.656759615082084303e-01 -3.620816826658866727e+00
6.480843531976043792e+00 7.299986800526981234e+00 -3.022167425372253469e+00 -1.474797239299991292e+00 2.365257111810641799e+00 -5.198052135321595379e+00 5.368741462066640047e+00 2.826564203968115141e+00 -4.050082137552367456e+00 -5.613787227887129916e+00
-3.910957481696277327e+00 -2.295348838048908657e+00 -6.248160882295848317e+00 6.076179624746762542e+00 -5.079733900597418916e+00 1.706858553749324159e+00 -5.647473267530026320e+00 7.684123443214012639e+00 -7.686809505846149193e+00 -2.633424587202003231e+00
3.948459408098174972e+00 -6.230021925929392357e-02 -3.987352112713367092e+00 -6.272561422882770188e+00 2.301789994951670248e+00 6.538893600015973639e-01 -3.167694515515479647e+00 1.678767345346939832e+00 7.546237098677210930e+00 8.615265420775850558e+00
-4.400009113940159367e+00 5.230834573919521446e+00 -4.999597696188064155e+00 -4.304178349271588822e+00 1.237573543222864503e+00 2.827404995447559077e+00 -5.130786651716893410e+00 4.884791554652812451e+00 1.809171711231407909e-01 -1.747028343458561173e+00
-4.806098528182862206e-01 1.119948806097409433e+00 -7.245086717117651176e+00 2.442543963969072696e+00 -5.019621619523999101e+00 -3.497793202332153406e+00 3.522241939466560279e+00 2.423022669315070043e+00 3.907899097826439849e+00 -5.990439945982082293e+00
-5.321004028154445731e-01 -5.057564502976704013e+00 2.327008227054110812e+00 -4.650300483442257438e+00 -2.301937424189261616e+00 -2.290181843657302263e+00 -5.432251132668993954e+00 -1.966817651143551116e+00 2.511062362627592748e+00 -3.000462883783169499e+00
-2.457828093355652221e+00 6.263212490944417787e+00 -1.549318929870500350e+00 2.668883478847712265e+00 -2.377240128315689205e+00 3.657188426783418489e+00 4.132748853135992939e-01 -3.265798654613572882e+00 5.709697942528259240e+00 8.584587783054559162e-01
-5.616829181927545100e+00 3.758663989384289916e+00 -4.040096485536100346e+00 -1.315413957825491975e+00 -2.162537374004349644e+00 -6.034334497745285297e+00 -7.165706682547533291e+00 5.911567193860166824e+00 -9.907778444172188337e-02 -1.256621400320959703e+00
-1.530384375708317979e+00 -4.492391880851269725e+00 -4.478304792055973316e+00 -2.454917106850664332e+00 -7.695927200611007990e-02 2.445798784582340790e+00 -4.131245390381131699e+00 -9.890447863572205955e-01 -1.447473007743536266e+00 -6.630975791373239225e+00
-2.147616803317253797e+00 9.261807177309937522e-01 -1.606371108037215389e+00 6.483217018455418312e+00 2.445270631655207083e+00 4.023741749718752203e+00 -3.075973412747809110e+00 -1.977373314509863311e+00 -5.065265547073903640e+00 2.798308244912193210e+00
4.966548545126675762e+00 9.285499960961951516e-01 1.750135289899377389e+00 3.338996325204505844e+00 -4.230571901623361164e-01 2.113856393593965155e+00 1.775639298629011043e+00 6.780105172318255491e+00 -1.686066887613200671e-01 -6.659124098667428271e+00
-3.729160659149957535e+00 -2.711704298934720647e+00 -4.751487038728534618e-01 1.752612633181157564e+00 -9.106874882792770354e-01 4.074902135395027436e+00 2.451900569650591333e+00 -6.146941094356843216e+00 5.359739207599658606e+00 -6.674457933151213496e+00
-3.509138255471240808e-01 1.431090930063219635e-01 2.413518055007041418e+00 -3.536521192662797741e+00 1.242527980729218662e+00 -2.271183694431249123e+00 2.160458401605277690e+00 -5.142884020605487549e+00 -1.539421320638738377e+00 4.026840482547087596e+00
-7.996246567935002325e+00 6.008455327542408853e+00 2.290443315924334033e+00 -5.516618394374391166e+00 -6.911759811497535377e-01 2.662334890939878740e+00 1.146821379584487266e+00 -8.445526145032081766e-01 1.836191994769003633e-01 2.696447339964907375e+00
-3.322419139134039412e+00 -2.732774323428720287e+00 2.563595060258987424e+00 -3.113283900133908322e+00 -2.385908664269856594e+00 -3.883023647267356715e+00 -3.193703200272961951e+00 -1.114658221854610076e+01 4.752404523437235184e+00 2.944488560838597335e-01
-6.764968774314874089e+00 -3.476433855899044634e+00 -5.790678937876538868e+00 -3.349145469765127281e+00 -4.886029976048326340e+00 -5.703408282362298909e-01 3.404277079441426768e-01 -4.247218614811949955e+00 6.208019511323946027e+00 2.257951399195957110e-01
-4.313583678271049049e-01 1.982366110024847972e+00 2.581449681156795073e+00 2.904381227951932765e+00 7.214396697314889195e+00 2.891772355608591472e+00 5.173450480490363823e+00 -1.994318268252192328e-01 4.552664774497636735e+00 -2.001093821425738717e-01
-4.747483233829002280e+00 5.819831351261448127e+00 4.507273611525827839e+00 -6.509359499299826268e+00 5.590430370868860521e+00 1.207979535659573056e+00 5.018633616869627723e-01 -4.279200887367530015e+00 -3.134992519106421405e+00 5.804161699101626493e-01
-1.899670932376001264e+00 2.669045070094942407e+00 1.535310322267576577e+00 -1.701154784706409850e-01 2.306327268763579408e+00 -3.367480779685370518e+00 -1.455461147625828344e-01 -6.350912822430911042e+00 -5.877622622022923515e+00 2.507706247126605614e+00
-6.377720476729336951e+00 -4.629974411939169698e+00 -2.317325257046336073e+00 -3.013227434047717868e+00 -4.446722034747349284e+00 7.847042941221095136e-01 -3.841335744856096301e+00 -2.949902174833062274e-01 4.123707367878030716e+00 4.967191262852293399e+00
4.644932263629292457e+00 -5.441472982114091472e+00 -2.998492925988118785e+00 1.591773978514835708e+00 2.283080619107011433e+00 -3.403033606325523763e+00 -3.614791393013042420e+00 -3.713454796115564616e+00 1.221416472157613953e+00 -7.120304980291232155e+00
-1.383279956596827232e+00 3.917422519319925911e+00 1.098444434346520060e+00 -5.473163142558079564e+00 5.296449165078006560e-01 -3.392972547909228975e+00 3.504756609316577176e+00 -2.256644633600278560e+00 5.861463431320014017e+00 -5.194844919012251871e+00
-9.363640154568045659e+00 -2.654012955835567844e+00 -5.810373360944404375e+00 3.504760853558024802e+00 -5.430271858513557426e+00 -9.784862984674284059e-01 4.745187439467293267e+00 -7.749025815103150805e+00 5.560308246888258310e+00 5.569064239816819833e-02
-9.268818528191454575e+00 8.121415127012161506e+00 -2.118372136229530689e+00 1.069806326108697192e+00 -5.521375467612976706e+00 6.261907232085028419e+00 5.385412331238142336e+00 -4.357375561023360433e+00 8.574196909872243921e+00 3.556754218722904426e+00
5.141933553483712949e+00 4.772557304330774741e+00 -2.552835004609778080e-01 7.572898856789700872e+00 5.840332184281706418e+00 2.007400070496748956e+00 -4.586018776928926677e+00 4.425697686017547205e+00 -4.867952717150819453e+00 2.248682195126455508e+00
-8.122644105310490303e+00 1.475531001628400452e+00 6.424223604161182877e+00 -3.692161251868570915e+00 8.037309025394449691e+00 6.072370663694522941e-01 -2.875067515318928457e+00 -3.117023064858339687e+00 -4.463846986424289121e+00 -7.230666480352580194e+00
5.516307996860710716e+00 2.891264901608796123e+00 2.675822845494891133e+00 -5.063632197577799587e+00 6.057120773667847402e+00 6.655232357015171907e+00 3.781080009267665520e+00 1.569415652211245460e+00 9.305839373975416606e+00 -7.065294601850590217e-01
-6.476737755131449781e+00 4.562438404636713352e-01 6.475613554217606094e+00 -4.084398674128411955e+00 -2.449934366569428423e+00 2.604592958449028828e+00 1.801494460144158261e+00 -1.002783712822361828e+01 8.299606592740653710e+00 1.379767359739330623e-01
3.430812962859825177e+00 3.016039139149884196e+00 1.612428504984651845e+00 1.585150994383233147e+00 6.865904481352034239e-01 -6.405135001681969698e+00 2.099412305881538376e+00 1.600194297592800519e+00 -5.533292603344938776e+00 -3.848575090314800828e+00
-4.961074814430940449e+00 3.688959139732294279e+00 -1.623054431976967971e-01 5.105874470526621245e+00 4.653136150553221384e+00 1.949962671746121812e+00 9.102723682625748935e+00 4.727626192123674187e+00 7.681800628448880452e+00 7.487169585074268774e+00
4.193482955655309041e+00 -4.825814436344129099e+00 5.775949203917860153e+00 3.843431688821528081e-01 -2.525118070652875524e+00 -2.888196427539220235e+00 -1.811091923050587971e+00 6.090336547455946103e+00 9.216625754119170955e-01 -3.456028332216633192e+00
-4.859963384256428043e+00 -6.883536014775349265e+00 5.368381689615641328e+00 -7.657647206717947963e-01 -2.758931709177537162e+00 3.294195937394941875e+00 -2.554530698940320477e+00 -2.112723987370106915e+00 5.884034658545968632e+00 -2.359795105692358064e+00
8.500587780295916218e+00 -4.524643314977756958e+00 5.672648104472286512e+00 -3.507366657232618756e+00 5.573975553416310014e+00 6.175902552539771051e+00 4.369471035841001161e+00 -7.151811604942446721e+00 8.025459579759145257e+00 6.240252666166787421e+00
-2.217909244999669571e+00 -4.980992092316527398e+00 6.371575650579299754e+00 -6.500064928991596602e+00 -6.986788068535520146e+00 8.288301308759962183e-01 4.827806875721376123e+00 2.679744315351904493e+00 5.413039382292982538e+00 2.054754863679022048e+00
4.389522296427415426e+00 2.360643771982143146e+00 3.196575918241427505e+00 -5.848350757777700970e+00 5.462568592009669821e+00 -7.335826135097889278e+00 -2.396117918566715410e+00 -2.373683586693497105e+00 -3.723368658421989608e+00 7.794876532021183912e+00
-6.101539021909688110e+00 -2.324095242164102348e+00 6.225279251336296227e+00 -2.562722946365776355e+00 7.360563017831839083e+00 -5.771998830744851539e+00 3.542087818046438574e+00 -6.316793514060379700e+00 -1.976799346045524652e+00 4.417541300887583233e+00
-3.498295321725624074e+00 1.527121393843900776e+00 -3.962020691162422281e+00 8.736424565521048180e-01 5.046469141722399243e+00 1.031435769424329241e+00 -5.388406492339879783e+00 -5.776106901261837123e+00 -6.856297953819584734e+00 -4.223591869857474257e-01
1.461124557818854086e+00 5.650647890194186118e+00 -3.593474274238963151e+00 4.668954374100406035e+00 6.484514170858758142e+00 3.069748171393371194e+00 1.979792255519113420e+00 -6.057079500869785527e+00 -6.064319384016615189e+00 6.045121510986761759e-01
3.465857858732533270e+00 7.683073380834301247e+00 -6.177387959010139262e+00 -2.818798896181585190e-01 2.944654152180911755e+00 -5.327052788927026938e+00 4.117074938949592422e+00 -2.939454841605326774e+00 7.263658387157147622e+00 2.973914057612334183e+00
6.662279343773058748e+00 -5.448618162152009781e+00 3.262962037925949854e+00 -2.355736333218669820e+00 1.627267238133917715e+00 3.759515259728983594e+00 1.260405408873529476e+00 -7.621884275597780312e-02 -3.993155529508590984e+00 3.846150053142066927e+00
