-8.203395386041806958e+00 1.612608959545593468e+00 7.575633665212496481e+00 4.992410254312397377e+00 -1.275684493258761654e+00 -3.301442663666387833e+00 -6.514059344173373844e+00 -6.542087449800643384e+00 3.373249902908604714e+00 2.917035742616275185e-01
1.363416870344394294e+00 5.528983340438176769e-02 8.577573441621545669e+00 1.398406544532097895e+00 -1.652636019698298986e+00 -1.876465951749363148e+00 3.827099194108298796e+00 3.040342133354497545e+00 -6.601864134488142355e+00 -4.355976672152574558e+00
-3.947375780828615288e-01 -7.819432023932423093e+00 -1.260525117360191683e+00 2.727416263962829657e-01 -8.229535923089070337e+00 7.638461683623089193e+00 5.755408407286459749e+00 5.128630650926099932e+00 -8.519285256718363897e+00 -6.395287590412338297e+00
5.534682028399484643e+00 6.762440828960865957e+00 -7.051843655478279516e+00 -3.201652258703115095e+00 -5.134611516627130001e+00 2.165394240609132659e+00 -4.060779442482005841e+00 3.557065738447248826e+00 1.101617087552403085e+01 5.827880977566216814e+00
-8.309607618558176867e+00 -5.399601318852385923e+00 2.020231491388325917e+00 -3.716747956275280540e+00 -4.887024326916925787e+00 -8.150313167387553293e+00 -4.161611831040191056e+00 -3.983796138782265572e+00 4.637835350571493542e+00 -5.156344672634485704e+00
-7.177396452540014959e-02 1.029301746049649635e+00 -2.665068823529773478e+00 3.391346887396546883e+00 7.126472675415144842e+00 1.982524426613423152e-01 -5.188257993733245144e+00 -6.659406021890806215e+00 -4.130061417488876785e+00 -9.259463306204354538e+00
6.167995390679778644e+00 1.657435397189781057e+00 -6.403049265603633522e+00 5.631122511887006965e+00 -8.246727999400693676e+00 2.772504187725576941e+00 -3.347656086793477925e+00 2.973890226223045996e+00 7.123394892436462733e+00 -1.867101960310000586e-01
-7.569827076615728068e+00 2.247001205854203043e+00 -1.380532655205170878e+00 -9.268910573032083988e+00 6.860872812442568858e+00 -3.859791499813991500e+00 2.791714700022865259e+00 -3.014154133852725015e-01 7.089208470070908596e+00 8.192961143211858754e+00
-4.960731361329592914e+00 -1.252658113438267717e+00 4.155624580989806915e+00 -4.405160630458313520e+00 -6.078922048113349241e+00 -1.956888937760553615e+00 5.748176400308467215e+00 -4.418187967309745723e+00 -1.364861534763346596e+00 9.071679027134754492e+00
-8.967077208964726154e+00 -2.396534879564703235e+00 4.472240273942318822e+00 8.401054995517831969e+00 -5.789503251232417824e+00 -2.273421820027537343e+00 4.806659965440950977e+00 -7.347177958960588562e+00 9.371480396860331075e-01 -3.034544362558557307e+00
7.001075577833987040e+00 9.692908059872452853e+00 -3.777821353669146731e+00 -2.538066578685162611e+00 2.913737819573845922e+00 -5.586996513356654148e+00 6.108443791093320030e+00 4.295027274039378895e+00 -5.574989159378111125e+00 -6.967890737850555460e+00
-2.982229011518656936e+00 -2.762132643119352693e+00 -8.475216378024938990e+00 6.344797297788487001e+00 -5.176608145671671046e+00 1.895443023707801045e+00 -6.920242931240617956e+00 9.189260092558409809e+00 -9.086027945869483702e+00 -2.422462310367786475e+00
4.391026929376904420e+00 -6.061506994821413974e-01 -5.382038940196895993e+00 -7.080349742431962135e+00 2.735554436172584314e+00 1.666028190642789175e+00 -4.569525781678517085e+00 2.295463491338245010e+00 8.375815193018292248e+00 8.919826997857427386e+00
-5.108459863881576801e+00 7.939964252034060088e+00 -6.674923594482276457e+00 -6.595175596664316409e+00 2.774274379436765692e+00 4.173984959519366100e+00 -6.885531750059437961e+00 6.760313697485656803e+00 -1.225939076443976206e-01 -2.869523945509480090e+00
-1.789568730609511771e-01 1.049082004320995631e+00 -8.934240897602499842e+00 3.091919878114543163e+00 -6.274782437074159169e+00 -4.005980318843638699e+00 4.497058775920033113e+00 3.093072913406798019e+00 5.664541871955399266e+00 -7.325919354861025745e+00
9.604175914889253596e-01 -8.481639200203963114e+00 3.135093123880665633e+00 -3.242225033080986307e+00 -5.476097187842583480e+00 -1.783977252533207380e+00 -7.797104991052608014e+00 1.425756921312361536e+00 3.254373028735826345e+00 -5.609304385990336428e+00
-6.630041297615046902e-01 5.338184250061460467e+00 -1.268175265401450869e+00 5.268807851527093078e+00 -4.086754363676377011e+00 4.573511569881881123e+00 -1.219871981570576303e+00 -1.420609381465585574e+00 5.681456748917554478e+00 -1.263686718571431555e+00
-6.454817971125049070e+00 5.772537766702156681e+00 -4.891512342820135473e+00 -1.961525285727716561e+00 -1.454047740562300017e+00 -7.143125161501073350e+00 -9.175211831356511638e+00 7.384526716632156429e+00 -8.234801826540813496e-02 -1.860608909527844634e+00
-6.802800913692601537e-01 -5.880673092957273695e+00 -6.332630801110289198e+00 -3.838013960352779641e+00 4.958272526722093398e-01 3.385445364196782325e+00 -5.590559324266133778e+00 -8.704339934119215139e-01 -1.443800244234252350e+00 -8.017678754306935218e+00
-2.369250966400495706e+00 1.336356077070812498e+00 -2.466634387169830855e+00 7.572839618660005989e+00 3.402643873006688580e+00 4.265570092379225464e+00 -3.901324761411731679e+00 -2.979943965599261002e+00 -6.568223533419158322e+00 4.311559395005436279e+00
6.322763950446681491e+00 1.026599830502702204e+00 2.101996205667450379e+00 3.118150958664867467e+00 -6.882906820817016325e-01 2.723662814503085894e+00 2.044833668828529571e+00 9.043565977073916073e+00 4.841421127596284291e-01 -8.338313409117324326e+00
-4.122971094475328613e+00 -3.887173388407198615e+00 -5.655862286020630902e-01 2.176041720990188111e+00 -1.403201987278001495e+00 4.769760172359320372e+00 3.195101852922848096e+00 -7.621454410495282161e+00 7.710299788314249447e+00 -7.699044483806022576e+00
1.303808926969262094e+00 -1.198054904229495454e+00 3.763282520760812488e+00 -2.893616174229685534e+00 4.269187939943043797e-01 -1.955501893054341966e+00 2.556269082295001382e+00 -3.827677866860074385e+00 -2.793732386207520513e+00 3.871894409301613660e+00
-8.892798980469347470e+00 5.888842931953741200e+00 4.290578557632866108e+00 -6.307047147870148862e+00 -1.885114223150509360e+00 3.692238994783703987e+00 4.558265819261611562e-01 1.648836233662319906e+00 -1.007352576330093896e+00 2.197301318877643350e+00
-2.313401570729636259e+00 -5.167931144237485341e+00 3.933992669698563649e+00 -1.529280445746376893e+00 -5.300490929285522235e+00 -3.841169357481608149e+00 -4.665122579728174124e+00 -1.018974623683880054e+01 5.128729767997023181e+00 -9.279004069156558954e-01
-7.609105081453539476e+00 -4.750636516299414858e+00 -7.134352546816974616e+00 -3.352752680356131165e+00 -5.932113972876691399e+00 -5.663966875613191121e-01 7.915476122130259418e-01 -5.628365953488379425e+00 8.094352505512571128e+00 1.567376236766702124e-01
1.460852230211543867e+00 3.064260353539052240e-01 3.538537225684706300e+00 5.605980068910539238e+00 8.347403247083200029e+00 3.934617344742689315e+00 5.770781412129283972e+00 2.449127783304470896e+00 4.309813566488338132e+00 -2.303289224942106639e+00
-4.686505271522969807e+00 6.598500376258788158e+00 6.581140710856561604e+00 -7.311523510683058724e+00 6.348545174291214011e+00 2.375186067690313152e+00 6.572074537217020840e-01 -2.632354369019193729e+00 -4.974148548373030998e+00 2.094671988754366054e-01
-2.944295158946511615e-01 2.392996657249806702e+00 2.841382284494445187e+00 1.499547334523074538e+00 1.749163359961074971e+00 -3.016477616633750802e+00 -3.196440349528469338e-01 -5.443312842881210756e+00 -7.672541848591221125e+00 2.150901691577233876e+00
-6.949005397516249793e+00 -6.098285801966758513e+00 -2.868419582191342965e+00 -3.068564609437167690e+00 -5.148817254815152289e+00 9.229677966535158040e-01 -4.411887844831455574e+00 -8.882426124217078778e-01 5.201700218768179340e+00 5.755107026570107642e+00
6.314495171969912057e+00 -7.728368411212104050e+00 -4.098344563726051604e+00 2.082514566923269417e+00 2.440017809493572720e+00 -4.673290104122965971e+00 -4.914414309911917300e+00 -4.333923746612887484e+00 2.212161318615656125e+00 -8.907431855036350044e+00
-2.445839937957348109e+00 5.499227346057370625e+00 1.994566208623270942e+00 -6.642241358027091813e+00 5.443227403717290080e-01 -3.730204816545600099e+00 4.266214226479488225e+00 -2.177557069491257824e+00 7.511491451096373950e+00 -6.933844529502036558e+00
-9.399416116432401935e+00 -6.563527276940406274e+00 -6.282216325504969667e+00 6.449533854299265734e+00 -8.301926396759215621e+00 -9.812323239307144673e-01 4.719230745650999204e+00 -6.114926227410303561e+00 6.139182875154025609e+00 -2.120984971440711409e+00
-9.752651323698671604e+00 7.158950138144541064e+00 -1.161733423367396822e+00 2.362779587768831124e+00 -7.475631808178719417e+00 7.166132088979874304e+00 4.862049787133766010e+00 -2.793730485133146146e+00 8.393380037498420876e+00 2.322660452898669181e+00
5.942416244269654868e+00 6.257456798053937064e+00 -8.743301177351612274e-01 8.492400124052901234e+00 7.523804280047505344e+00 2.166202855164978125e+00 -6.417268959020257846e+00 5.520276464662394744e+00 -6.566154481727650705e+00 2.933060397521007445e+00
-8.982738156285513753e+00 9.345838923752870508e-01 8.867499529690384463e+00 -2.968671206220765857e+00 8.546471005288257317e+00 2.095650807859762654e+00 -3.554674586015811322e+00 -2.306488160953790167e-01 -5.574129959643826737e+00 -9.616339562416852615e+00
8.774925624731050533e+00 1.539364505088323787e+00 2.890036372051195457e+00 -4.592330065040058251e+00 6.996450026838762604e+00 8.269506205331255799e+00 3.677792382652877112e+00 4.684472565104500497e+00 9.554593726961849498e+00 -3.101831107309189761e+00
-6.844639266202955596e+00 -1.576282186841297728e+00 9.408990805059385565e+00 -3.295514142301549931e+00 -4.857097452274681260e+00 3.547216996975919745e+00 1.407713860572716413e+00 -9.020475078726336804e+00 8.396056592065439972e+00 -1.061169030619952380e+00
3.764036056134079100e+00 4.026814562106478590e+00 2.309571052797867008e+00 1.723830380134136586e+00 8.416018251286009333e-01 -7.860189706935319265e+00 2.431705221870774203e+00 2.103750099026507669e+00 -7.007786608195649691e+00 -4.206573212671859352e+00
-4.815231637872425807e+00 1.610862088337370324e+00 7.314190688183672684e-01 7.424983828341378711e+00 5.784267298308249039e+00 2.067316971748688115e+00 1.019975149817316584e+01 8.208064928864923004e+00 7.706414620459328901e+00 6.817665782310609934e+00
5.692504157181916824e+00 -6.790464411184810700e+00 7.494275436825578396e+00 4.706917932157428375e-01 -3.399049776112886612e+00 -3.589847704245398230e+00 -2.253782866386318862e+00 7.728919338621622614e+00 1.884506848343695751e+00 -4.556677743480054943e+00
-5.068279987985417456e+00 -9.180122854813866695e+00 7.012808616604748302e+00 -6.393868459618574640e-01 -3.539577023716997672e+00 3.573552006978831130e+00 -2.781904926893040475e+00 -2.808968458038094695e+00 8.400677274075475154e+00 -2.926992223437585583e+00
9.418461791561865581e+00 -7.209118731976095873e+00 6.948857889659610265e+00 -3.318796119722748905e+00 5.361893920771509947e+00 7.659111440395301784e+00 5.178993821834010802e+00 -8.728717175598823985e+00 9.441020686497740400e+00 6.739882942505064811e+00
-2.398474524729507618e+00 -6.645814129134012482e+00 8.765213187843993836e+00 -7.397267153559154984e+00 -9.167078785789696482e+00 1.153442836708962638e+00 6.945545271669125498e+00 3.335845175254398498e+00 7.166327482702668838e+00 1.819104181449134883e+00
4.153244856301604671e+00 3.342444662849675563e+00 4.235338492191776716e+00 -6.512503109135161061e+00 6.686178378643311326e+00 -8.960507301372937050e+00 -3.414448726382883326e+00 -2.975049280454532319e+00 -6.212413484787120410e+00 8.990836394313555857e+00
-6.693997446223945325e+00 -3.931752241061460484e+00 8.922057287296556893e+00 -1.935552436234854845e+00 8.086670320029964998e+00 -5.969845933506613633e+00 5.116473527316116154e+00 -4.855127645675755943e+00 -3.232702094569170459e+00 5.027023230362694051e+00
-4.103712754281432673e+00 2.545914866527908771e+00 -5.616525468312975278e+00 4.520463365966566616e-01 7.111762817761579036e+00 1.084396160760218830e+00 -7.285392305972774984e+00 -7.350785641827421557e+00 -9.201888235741154887e+00 3.306570335181268638e-01
1.039933675554738368e+00 7.531513405242410641e+00 -5.028430876934902649e+00 5.181540054134884166e+00 8.103651837164449034e+00 3.507942285293064621e+00 2.008725864833325048e+00 -7.600779229099963175e+00 -8.377935327191714521e+00 1.659195777435412245e+00
2.706512846039847542e+00 9.616583265617023812e+00 -7.465444158785468076e+00 5.930828662448026645e-01 3.152964370266625682e+00 -6.075003410394409720e+00 4.652969192942464360e+00 -3.551362363652093457e+00 8.385818888577700747e+00 2.960574547179942950e+00
8.314365747182971944e+00 -7.817287638229256430e+00 3.586198428856022691e+00 -2.979017077294422222e+00 1.506142691524612554e+00 4.802725316728849947e+00 1.420927985384013104e+00 -6.623174137368781356e-02 -5.640735047877346808e+00 4.618042306280266907e+00
